Function name                                        Numcalls   Instrs          Flops           Iops            Ipcomm_uq  Opcomm_uq  Local_uq   Ipcomm     Opcomm     Local      Comp_Comm_uniq  Comp_Comm       Est. Cyc        Est. Area                 Est. Dlmr time  Est. Dlmw time 

143        0          main                                                * 1          185399178       7397328         496280961       1278       802        5936882    18886      2670733    63554474   0.000000        0.000000        0               0.000000                  0               0               0.00000000000000000000              0               0               0               0              
222        0          getDisparity                                        * 1          148662058       7397328         435910924       4292       49260      4491489    7151       531967     33091821   0.000000        0.000000        0               0.000000                  0               0               0.00000000000000000000              0               0               0               0              
227        0          correlateSAD_2D                                     * 64         123881660       3815424         357573628       5150832    4194569    4422451    8618083    6978525    25964568   0.000000        0.000000        0               0.000000                  0               0               0.00000000000000000000              0               0               0               0              
230        0          integralImage2D2D                                   * 64         40135488        0               114508992       4154932    5611116    4323328    4938036    28996369   25541888   0.000000        0.000000        0               0.000000                  0               0               0.00000000000000000000              0               0               0               0              
231        0          finalSAD                                            * 64         34908928        0               95893248        4278524    4194848    86016      27644868   6978698    384000     0.000000        0.000000        0               0.000000                  0               0               0.00000000000000000000              0               0               0               0              
229        0          computeSAD                                          * 64         26833280        3815424         87994304        6704064    4154412    1792       12988356   4937508    19968      0.000000        0.000000        0               0.000000                  0               0               0.00000000000000000000              0               0               0               0              
228        0          padarray4                                           * 64         14355712        0               47705472        3908160    28         1564       4575028    4564       3552       0.000000        0.000000        0               0.000000                  0               0               0.00000000000000000000              0               0               0               0              
235        0          findDisparity                                       * 64         23053848        3581904         72494240        4194828    5196144    67584      6978700    8707682    7120040    0.000000        0.000000        0               0.000000                  0               0               0.00000000000000000000              0               0               0               0              
226        0          padarray2                                           * 2          852810          0               2892624         2696       1705       252        3965       3414       1532       0.000000        0.000000        0               0.000000                  0               0               0.00000000000000000000              0               0               0               0              
225        1          iSetArray                                           * 2          361196          0               1258306         164        1713       204        207        3450       908        0.000000        0.000000        0               0.000000                  0               0               0.00000000000000000000              0               0               0               0              
223        0          fSetArray                                           * 3          525424          0               1743705         269        192        248        320        608        1200       0.000000        0.000000        0               0.000000                  0               0               0.00000000000000000000              0               0               0               0              
225        0          iSetArray                                           * 3          345244          0               1201908         284        320        340        384        1192       756        0.000000        0.000000        0               0.000000                  0               0               0.00000000000000000000              0               0               0               0              
248        0          selfCheck                                           * 1          17624518        0               32897254        49767      356        1438683    532882     506        12165718   0.000000        0.000000        0               0.000000                  0               0               0.00000000000000000000              0               0               0               0              
254        0          fscanf                                              * 27105      15720933        0               28252435        867673     607696     1219937    1735034    985624     11944754   0.000000        0.000000        0               0.000000                  0               0               0.00000000000000000000              0               0               0               0              
255        0          vfscanf                                             * 27105      15151728        0               27710335        650873     607672     1219937    2602386    985592     11944754   0.000000        0.000000        0               0.000000                  0               0               0.00000000000000000000              0               0               0               0              
256        0          _IO_vfscanf                                         * 27105      15097518        0               27710335        650873     607672     1219937    2602386    985592     11944754   0.000000        0.000000        0               0.000000                  0               0               0.00000000000000000000              0               0               0               0              
260        0          __strtol_internal                                   * 27104      3026358         0               5232283         243815     8          216884     271171     216832     1951484    0.000000        0.000000        0               0.000000                  0               0               0.00000000000000000000              0               0               0               0              
261        0          ____strtol_l_internal                               * 27104      2945046         0               5205179         243815     8          216884     271171     216832     1951484    0.000000        0.000000        0               0.000000                  0               0               0.00000000000000000000              0               0               0               0              
259        0          _IO_sputbackc                                       * 54208      813120          0               1355200         650516     704716     325256     1300996    813140     650492     0.000000        0.000000        0               0.000000                  0               0               0.00000000000000000000              0               0               0               0              
251        0          feof                                                * 27106      948710          0               2087162         975816     433696     216848     1301088    433696     216848     0.000000        0.000000        0               0.000000                  0               0               0.00000000000000000000              0               0               0               0              
157        0          readImage                                           * 2          19103216        0               27458401        729        4964       3904       18161      2677904    18290616   0.000000        0.000000        0               0.000000                  0               0               0.00000000000000000000              0               0               0               0              
183        0          fread                                               * 162656     17567292        0               25374946        473        225        552        7809983    273108     18217472   0.000000        0.000000        0               0.000000                  0               0               0.00000000000000000000              0               0               0               0              
184        0          _IO_sgetn                                           * 162656     8458556         0               11711842        359        165        344        4034903    273168     9108816    0.000000        0.000000        0               0.000000                  0               0               0.00000000000000000000              0               0               0               0              
185        0          _IO_file_xsgetn                                     * 162656     7970588         0               11386530        327        165        344        2993883    273168     9108816    0.000000        0.000000        0               0.000000                  0               0               0.00000000000000000000              0               0               0               0              
197        0          memcpy                                              * 162656     2927818         0               6668896         32         57         0          1301248    272876     0          0.000000        0.000000        0               0.000000                  0               0               0.00000000000000000000              0               0               0               0              
160        0          fopen@@GLIBC_2.2.5                                  * 2          61676           0               113045          373        2026       699        17608      2605187    803        0.000000        0.000000        0               0.000000                  0               0               0.00000000000000000000              0               0               0               0              
161        0          __fopen_internal                                    * 2          61672           0               113045          373        2026       699        17608      2605187    803        0.000000        0.000000        0               0.000000                  0               0               0.00000000000000000000              0               0               0               0              
163        0          malloc                                              * 2          61048           0               112165          316        1660       359        17547      2309       459        0.000000        0.000000        0               0.000000                  0               0               0.00000000000000000000              0               0               0               0              
164        0          malloc_hook_ini                                     * 1          60894           0               111956          256        1592       267        17487      2225       367        0.000000        0.000000        0               0.000000                  0               0               0.00000000000000000000              0               0               0               0              
165        0          ptmalloc_init                                       * 1          59833           0               110612          216        60         102        17447      64         110        0.000000        0.000000        0               0.000000                  0               0               0.00000000000000000000              0               0               0               0              
167        0          _dl_addr                                            * 1          59450           0               110017          204        52         62         17435      56         70         0.000000        0.000000        0               0.000000                  0               0               0.00000000000000000000              0               0               0               0              


Trimming tree.....
Func num   Func Inst  Function name                                        Numcalls   Instrs          Flops           Iops            Ipcomm_uq  Opcomm_uq  Local_uq   Ipcomm     Opcomm     Local      Comp_Comm_uniq  Comp_Comm       Est. Cyc        Est. Area                 Est. Dlmr time  Est. Dlmw time  Der. metr                           ip_offload      op_offload       data-ru-ipcomm   data-ru-local

Uppertree Software Time (Cycles): 19596084.000000     
Bottom nodes Software Time (Cycles): 184845820.000000    

183        0          fread                                               * 162656     17567292        0               25374946        473        225        552        7809983    273108     18217472   36353.7908309   3.13926269047   17725048        -49966046.830000          127400          0               1.00724584630571722954              127473          35              0               0              
222        0          getDisparity                                        * 1          148662058       7397328         435910924       4292       49260      4491489    7151       531967     33091821   8278.08955781   822.284271718   166169866       -748989214.603000         100             1439900         1.00879282615316911986              770             1447596         0               0              
251        0          feof                                                * 27106      948710          0               2087162         975816     433696     216848     1301088    433696     216848     1.48076923077   1.203125        949120          42097000.960000           0               0               1.30215552205684370612              152471          67765           0               0              
