Function name                                        Numcalls   Instrs          Flops           Iops            Ipcomm_uq  Opcomm_uq  Local_uq   Ipcomm     Opcomm     Local      Comp_Comm_uniq  Comp_Comm       Est. Cyc        Est. Area                 Est. Dlmr time  Est. Dlmw time 

143        0          main                                                * 1          85731709        3454142         229522674       1370       799        8025220    19014      931354     32234311   0.000000        0.000000        0               0.000000                  0               0               0.00000000000000000000              0               0               0               0              
222        0          getDisparity                                        * 1          69014984        3454142         202044278       4866       40712      7332685    7487       212494     18216965   0.000000        0.000000        0               0.000000                  0               0               0.00000000000000000000              0               0               0               0              
227        0          correlateSAD_2D                                     * 64         57668092        1810432         166214396       362884     4799406    7304835    418067     5005307    16706260   0.000000        0.000000        0               0.000000                  0               0               0.00000000000000000000              0               0               0               0              
230        0          integralImage2D2D                                   * 64         19048896        0               54312896        3612724    3811344    3622272    3662428    10791082   10784752   0.000000        0.000000        0               0.000000                  0               0               0.00000000000000000000              0               0               0               0              
231        0          finalSAD                                            * 64         15886080        0               43608832        2853404    3145680    804544     9744992    3145753    3038080    0.000000        0.000000        0               0.000000                  0               0               0.00000000000000000000              0               0               0               0              
229        0          computeSAD                                          * 64         12753792        1810432         41794112        4263996    7372617    2866732    4317252    7536498    2866732    0.000000        0.000000        0               0.000000                  0               0               0.00000000000000000000              0               0               0               0              
228        0          padarray4                                           * 64         6341056         0               21041920        2726924    112        1536       2780008    4552       1536       0.000000        0.000000        0               0.000000                  0               0               0.00000000000000000000              0               0               0               0              
235        0          findDisparity                                       * 64         10539993        1643710         33106796        4760018    360804     26488      4926080    412600     1505788    0.000000        0.000000        0               0.000000                  0               0               0.00000000000000000000              0               0               0               0              
226        0          padarray2                                           * 2          395718          0               1340788         2676       140        236        3511       168        412        0.000000        0.000000        0               0.000000                  0               0               0.00000000000000000000              0               0               0               0              
225        1          iSetArray                                           * 2          172184          0               598446          156        148        196        199        176        332        0.000000        0.000000        0               0.000000                  0               0               0.00000000000000000000              0               0               0               0              
223        0          fSetArray                                           * 3          246994          0               817867          249        293        256        312        1622       400        0.000000        0.000000        0               0.000000                  0               0               0.00000000000000000000              0               0               0               0              
225        0          iSetArray                                           * 3          161090          0               559590          206        256        220        270        400        332        0.000000        0.000000        0               0.000000                  0               0               0.00000000000000000000              0               0               0               0              
248        0          selfCheck                                           * 1          8006000         0               14942522        41185      381        685901     213346     551        5742972    0.000000        0.000000        0               0.000000                  0               0               0.00000000000000000000              0               0               0               0              
254        0          fscanf                                              * 12289      7139563         0               12831289        361101     327384     585683     624177     475704     5640536    0.000000        0.000000        0               0.000000                  0               0               0.00000000000000000000              0               0               0               0              
255        0          vfscanf                                             * 12289      6881494         0               12585509        262829     327360     585683     1017417    475672     5640536    0.000000        0.000000        0               0.000000                  0               0               0.00000000000000000000              0               0               0               0              
256        0          _IO_vfscanf                                         * 12289      6856916         0               12585509        262829     327360     585683     1017417    475672     5640536    0.000000        0.000000        0               0.000000                  0               0               0.00000000000000000000              0               0               0               0              
260        0          __strtol_internal                                   * 12288      1368646         0               2360203         110495     8          98356      122987     98304      884732     0.000000        0.000000        0               0.000000                  0               0               0.00000000000000000000              0               0               0               0              
261        0          ____strtol_l_internal                               * 12288      1331782         0               2347915         110495     8          98356      122987     98304      884732     0.000000        0.000000        0               0.000000                  0               0               0.00000000000000000000              0               0               0               0              
259        0          _IO_sputbackc                                       * 24576      368640          0               614400          294944     319490     147464     589832     368646     294904     0.000000        0.000000        0               0.000000                  0               0               0.00000000000000000000              0               0               0               0              
251        0          feof                                                * 12290      430150          0               946330          442440     196656     98320      589920     196672     98320      0.000000        0.000000        0               0.000000                  0               0               0.00000000000000000000              0               0               0               0              
157        0          readImage                                           * 2          8701451         0               12521642        729        5387       3828       18169      938619     8268055    0.000000        0.000000        0               0.000000                  0               0               0.00000000000000000000              0               0               0               0              
183        0          fread                                               * 73760      7966524         0               11507170        473        221        552        2747663    124480     8261120    0.000000        0.000000        0               0.000000                  0               0               0.00000000000000000000              0               0               0               0              
184        0          _IO_sgetn                                           * 73760      3835964         0               5311330         359        161        344        1567547    124540     4130640    0.000000        0.000000        0               0.000000                  0               0               0.00000000000000000000              0               0               0               0              
185        0          _IO_file_xsgetn                                     * 73760      3614684         0               5163810         327        161        344        1272507    124540     4130640    0.000000        0.000000        0               0.000000                  0               0               0.00000000000000000000              0               0               0               0              
197        0          memcpy                                              * 73760      1327690         0               3024160         32         57         0          590080     124252     0          0.000000        0.000000        0               0.000000                  0               0               0.00000000000000000000              0               0               0               0              
160        0          fopen@@GLIBC_2.2.5                                  * 2          61670           0               113035          368        1918       699        17599      791283     803        0.000000        0.000000        0               0.000000                  0               0               0.00000000000000000000              0               0               0               0              
161        0          __fopen_internal                                    * 2          61666           0               113035          368        1918       699        17599      791283     803        0.000000        0.000000        0               0.000000                  0               0               0.00000000000000000000              0               0               0               0              
163        0          malloc                                              * 2          61042           0               112155          316        1646       359        17547      2307       459        0.000000        0.000000        0               0.000000                  0               0               0.00000000000000000000              0               0               0               0              
164        0          malloc_hook_ini                                     * 1          60888           0               111946          256        1578       267        17487      2223       367        0.000000        0.000000        0               0.000000                  0               0               0.00000000000000000000              0               0               0               0              
165        0          ptmalloc_init                                       * 1          59827           0               110602          216        60         102        17447      64         110        0.000000        0.000000        0               0.000000                  0               0               0.00000000000000000000              0               0               0               0              
167        0          _dl_addr                                            * 1          59450           0               110017          204        52         62         17435      56         70         0.000000        0.000000        0               0.000000                  0               0               0.00000000000000000000              0               0               0               0              


Trimming tree.....
Func num   Func Inst  Function name                                        Numcalls   Instrs          Flops           Iops            Ipcomm_uq  Opcomm_uq  Local_uq   Ipcomm     Opcomm     Local      Comp_Comm_uniq  Comp_Comm       Est. Cyc        Est. Area                 Est. Dlmr time  Est. Dlmw time  Der. metr                           ip_offload      op_offload       data-ru-ipcomm   data-ru-local

Uppertree Software Time (Cycles): 14007733.000000     
Bottom nodes Software Time (Cycles): 102364781.000000    

248        0          selfCheck                                           * 1          8006000         0               14942522        41185      381        685901     213346     551        5742972    359.489053553   69.858492639    8063850         -8774609.201000           1400            0               1.00097998154082978850              7835            59              0               0              
183        0          fread                                               * 73760      7966524         0               11507170        473        221        552        2747663    124480     8261120    16580.9365994   4.00647530433   8040664         -22507963.458000          57700           0               1.00724157377612577591              57773           34              0               0              
222        0          getDisparity                                        * 1          69014984        3454142         202044278       4866       40712      7332685    7487       212494     18216965   4508.71955768   934.164405108   86072934        -198010728.749000         100             672600          1.00796108190807043314              860             678961          0               0              
167        0          _dl_addr                                            * 1          59450           0               110017          204        52         62         17435      56         70         429.75390625    6.28992053056   172140          32158.426000              82600           0               1.92335195530726266178              82631           8               0               0              
