Function name                                        Numcalls   Instrs          Flops           Iops            Ipcomm_uq  Opcomm_uq  Local_uq   Ipcomm     Opcomm     Local      Comp_Comm_uniq  Comp_Comm       Est. Cyc        Est. Area                 Est. Dlmr time  Est. Dlmw time 

134        0          main                                                * 1          1884624574      75427734        5065919222      990        448        39780351   1466       13525343   668304552  0.000000        0.000000        0               0.000000                  0               0               0.00000000000000000000              0               0               0               0              
216        0          getDisparity                                        * 1          1505131879      75427734        4424846072      1469       110852     24737034   5550       524508     319081416  0.000000        0.000000        0               0.000000                  0               0               0.00000000000000000000              0               0               0               0              
221        0          correlateSAD_2D                                     * 64         1245471713      37166080        3604321253      47247      6261995    24406198   2967706    71323243   242842540  0.000000        0.000000        0               0.000000                  0               0               0.00000000000000000000              0               0               0               0              
224        0          integralImage2D2D                                   * 64         390446208       0               1115054144      6665996    19618832   20973056   73374324   269281040  222552720  0.000000        0.000000        0               0.000000                  0               0               0.00000000000000000000              0               0               0               0              
225        0          finalSAD                                            * 64         361368384       0               993413440       19619328   6262816    3419904    269281536  71569424   20146432   0.000000        0.000000        0               0.000000                  0               0               0.00000000000000000000              0               0               0               0              
223        0          computeSAD                                          * 64         260538240       37166080        855539264       22336008   10794264   1792       76131896   84251552   126352     0.000000        0.000000        0               0.000000                  0               0               0.00000000000000000000              0               0               0               0              
222        0          padarray4                                           * 64         158769088       0               528791296       4129800    10078720   1536       11127536   35037192   1536       0.000000        0.000000        0               0.000000                  0               0               0.00000000000000000000              0               0               0               0              
229        0          findDisparity                                       * 64         242450381       38261654        762071004       6262296    155648     329728     71388864   3361504    76223608   0.000000        0.000000        0               0.000000                  0               0               0.00000000000000000000              0               0               0               0              
220        0          padarray2                                           * 2          8576856         0               29143076        109        588        216        2100       126032     4064       0.000000        0.000000        0               0.000000                  0               0               0.00000000000000000000              0               0               0               0              
219        1          iSetArray                                           * 2          3493610         0               12212446        93         80         172        148        176        2160       0.000000        0.000000        0               0.000000                  0               0               0.00000000000000000000              0               0               0               0              
217        0          fSetArray                                           * 3          5188746         0               17275447        226        144        280        286        496        5912       0.000000        0.000000        0               0.000000                  0               0               0.00000000000000000000              0               0               0               0              
219        0          iSetArray                                           * 3          3442178         0               12032144        198        164        292        256        65504      2236       0.000000        0.000000        0               0.000000                  0               0               0.00000000000000000000              0               0               0               0              
242        0          selfCheck                                           * 1          181615727       0               356888947       111516     240        15036280   525488     311        159800771  0.000000        0.000000        0               0.000000                  0               0               0.00000000000000000000              0               0               0               0              
248        0          fscanf                                              * 281761     161886180       0               308698090       6762692    5766407    12779998   6762694    7025075    157542530  0.000000        0.000000        0               0.000000                  0               0               0.00000000000000000000              0               0               0               0              
249        0          vfscanf                                             * 281761     155969199       0               303062870       4508644    5766383    12779998   15779034   7025051    157542530  0.000000        0.000000        0               0.000000                  0               0               0.00000000000000000000              0               0               0               0              
250        0          _IO_vfscanf                                         * 281761     155405677       0               303062870       4508644    5766383    12779998   15779034   7025051    157542530  0.000000        0.000000        0               0.000000                  0               0               0.00000000000000000000              0               0               0               0              
254        0          __strtol_internal                                   * 281760     33417516        0               57588786        2505496    8          2254140    3411466    2254080    24794880   0.000000        0.000000        0               0.000000                  0               0               0.00000000000000000000              0               0               0               0              
255        0          ____strtol_l_internal                               * 281760     32572236        0               57307026        2505496    8          2254140    3411466    2254080    24794880   0.000000        0.000000        0               0.000000                  0               0               0.00000000000000000000              0               0               0               0              
253        0          _IO_sputbackc                                       * 563520     9579840         0               18032640        6762381    6762241    3381120    9278405    8171042    6762224    0.000000        0.000000        0               0.000000                  0               0               0.00000000000000000000              0               0               0               0              
245        0          feof                                                * 281762     9861670         0               21695674        8020108    4508208    2254096    9277928    4508224    2254096    0.000000        0.000000        0               0.000000                  0               0               0.00000000000000000000              0               0               0               0              
149        0          readImage                                           * 2          197868045       0               284170332       505        1722       4013       757        13530732   189416381  0.000000        0.000000        0               0.000000                  0               0               0.00000000000000000000              0               0               0               0              
176        0          fread                                               * 1690592    182584396       0               263732980       574        237        540        60861513   2822276    189346340  0.000000        0.000000        0               0.000000                  0               0               0.00000000000000000000              0               0               0               0              
177        0          _IO_sgetn                                           * 1690592    87911244        0               121723252       486        177        348        33812101   2822336    94673252   0.000000        0.000000        0               0.000000                  0               0               0.00000000000000000000              0               0               0               0              
178        0          _IO_file_xsgetn                                     * 1690592    82839468        0               118342068       462        177        348        27049733   2822336    94673252   0.000000        0.000000        0               0.000000                  0               0               0.00000000000000000000              0               0               0               0              
190        0          memcpy                                              * 1690592    30430666        0               69314272        151        57         0          13524942   2822044    0          0.000000        0.000000        0               0.000000                  0               0               0.00000000000000000000              0               0               0               0              


Trimming tree.....
Func num   Func Inst  Function name                                        Numcalls   Instrs          Flops           Iops            Ipcomm_uq  Opcomm_uq  Local_uq   Ipcomm     Opcomm     Local      Comp_Comm_uniq  Comp_Comm       Est. Cyc        Est. Area                 Est. Dlmr time  Est. Dlmw time  Der. metr                           ip_offload      op_offload       data-ru-ipcomm   data-ru-local

Uppertree Software Time (Cycles): 94141786.000000     
Bottom nodes Software Time (Cycles): 2282330410.000000   

221        0          correlateSAD_2D                                     * 64         1245471713      37166080        3604321253      47247      6261995    24406198   2967706    71323243   242842540  577.167167308   49.0165677248   1796768940      -6341363422.460000        0               1761000         1.00153109542543683474              7382            2739436         0               0              
229        0          findDisparity                                       * 64         242450381       38261654        762071004       6262296    155648     329728     71388864   3361504    76223608   124.702343617   10.7067387013   268405391       -1393613741.696000        0               0               1.00375016472470579565              978483          24320           0               0              
176        0          fread                                               * 1690592    182584396       0               263732980       574        237        540        60861513   2822276    189346340  325194.796547   4.14128908065   184174360       -521912098.173000         1320900         0               1.00722451538095891799              1320989         37              0               0              
245        0          feof                                                * 281762     9861670         0               21695674        8020108    4508208    2254096    9277928    4508224    2254096    1.73173106425   1.57372949319   9862110         375285829.604000          0               0               1.24764809429240086658              1253141         704407          0               0              
220        0          padarray2                                           * 2          8576856         0               29143076        109        588        216        2100       126032     4064       41812.1606887   227.445727843   13299064        -57436473.579000          0               3629600         1.37538272936073502350              17              3629691         0               0              
217        0          fSetArray                                           * 3          5188746         0               17275447        226        144        280        286        496        5912       46690.3972973   22091.3644501   9813418         -33946005.010000          0               4069800         1.70859496194667492830              35              4069822         0               0              
