Function name                                        Numcalls   Instrs          Flops           Iops            Ipcomm_uq  Opcomm_uq  Local_uq   Ipcomm     Opcomm     Local      Comp_Comm_uniq  Comp_Comm       Est. Cyc        Est. Area                 Est. Dlmr time  Est. Dlmw time 

143        0          main                                                * 1          13854050291     558501432       37072688431     1102       551        252982984  18642      99533768   4546402179 0.000000        0.000000        0               0.000000                  0               0               0.00000000000000000000              0               0               0               0              
222        0          getDisparity                                        * 1          11006835893     558501432       32373295865     1523       28889      143985947  11369      57609      2209919500 0.000000        0.000000        0               0.000000                  0               0               0.00000000000000000000              0               0               0               0              
227        0          correlateSAD_2D                                     * 64         9068910062      268500992       26257471736     67849      10420424   141885703  7973017    523206952  1639204048 0.000000        0.000000        0               0.000000                  0               0               0.00000000000000000000              0               0               0               0              
230        0          integralImage2D2D                                   * 64         2820624320      0               8057414592      10354460   135293712  138411240  529736100  2094929424 1608103436 0.000000        0.000000        0               0.000000                  0               0               0.00000000000000000000              0               0               0               0              
231        0          finalSAD                                            * 64         2655523072      0               7302046976      135294208  10420760   3461120    2094929920 523207192  30099456   0.000000        0.000000        0               0.000000                  0               0               0.00000000000000000000              0               0               0               0              
229        0          computeSAD                                          * 64         1880988544      268500992       6178361920      136204560  14482732   1792       536580060  538873628  495040     0.000000        0.000000        0               0.000000                  0               0               0.00000000000000000000              0               0               0               0              
228        0          padarray4                                           * 64         1174754752      0               3914119936      4129804    64956416   1792       9637292    254581736  490948     0.000000        0.000000        0               0.000000                  0               0               0.00000000000000000000              0               0               0               0              
235        0          findDisparity                                       * 64         1812616452      290000440       5689995824      10420740   94240      2099200    523207236  7531404    570650220  0.000000        0.000000        0               0.000000                  0               0               0.00000000000000000000              0               0               0               0              
226        0          padarray2                                           * 2          62578112        0               212684118       133        588        220        7900       494676     30936      0.000000        0.000000        0               0.000000                  0               0               0.00000000000000000000              0               0               0               0              
225        1          iSetArray                                           * 2          25207186        0               88168208        117        76         172        172        168        15592      0.000000        0.000000        0               0.000000                  0               0               0.00000000000000000000              0               0               0               0              
223        0          fSetArray                                           * 3          37666326        0               125477898       214        140        272        274        284        23328      0.000000        0.000000        0               0.000000                  0               0               0.00000000000000000000              0               0               0               0              
225        0          iSetArray                                           * 3          25062975        0               87663172        214        200        260        272        236        8036       0.000000        0.000000        0               0.000000                  0               0               0.00000000000000000000              0               0               0               0              
248        0          selfCheck                                           * 1          1391436197      0               2608987067      29234      329        108989947  58092      413        942937966  0.000000        0.000000        0               0.000000                  0               0               0.00000000000000000000              0               0               0               0              
254        0          fscanf                                              * 2073601    1246277440      0               2254390860      49766624   43618440   92399008   56796664   66633912   926344749  0.000000        0.000000        0               0.000000                  0               0               0.00000000000000000000              0               0               0               0              
255        0          vfscanf                                             * 2073601    1202731819      0               2212918840      33177856   43618416   92399008   123151888  66633880   926344749  0.000000        0.000000        0               0.000000                  0               0               0.00000000000000000000              0               0               0               0              
256        0          _IO_vfscanf                                         * 2073601    1198584617      0               2212918840      33177856   43618416   92399008   123151888  66633880   926344749  0.000000        0.000000        0               0.000000                  0               0               0.00000000000000000000              0               0               0               0              
260        0          __strtol_internal                                   * 2073600    246855308       0               432469547       17748734   8          16588916   21649676   16588800   149299196  0.000000        0.000000        0               0.000000                  0               0               0.00000000000000000000              0               0               0               0              
261        0          ____strtol_l_internal                               * 2073600    240634508       0               430395947       17748734   8          16588916   21649676   16588800   149299196  0.000000        0.000000        0               0.000000                  0               0               0.00000000000000000000              0               0               0               0              
259        0          _IO_sputbackc                                       * 4147200    62208000        0               103680000       49766484   53913660   24883224   99532820   62208100   49766380   0.000000        0.000000        0               0.000000                  0               0               0.00000000000000000000              0               0               0               0              
251        0          feof                                                * 2073602    72576070        0               159667354       58060856   33177632   16588816   66355264   33177632   16588816   0.000000        0.000000        0               0.000000                  0               0               0.00000000000000000000              0               0               0               0              
157        0          readImage                                           * 2          1455769408      0               2090391963      729        1734       4452       18169      99544628   1393538851 0.000000        0.000000        0               0.000000                  0               0               0.00000000000000000000              0               0               0               0              
183        0          fread                                               * 12441632   1343697940      0               1940897102      768        281        1080       323764492  20752274   1393463432 0.000000        0.000000        0               0.000000                  0               0               0.00000000000000000000              0               0               0               0              
184        0          _IO_sgetn                                           * 12441632   646966548       0               895800014       680        241        888        166076660  62130554   696732104  0.000000        0.000000        0               0.000000                  0               0               0.00000000000000000000              0               0               0               0              
185        0          _IO_file_xsgetn                                     * 12441632   609641652       0               870916750       616        241        888        116310132  62130554   696732104  0.000000        0.000000        0               0.000000                  0               0               0.00000000000000000000              0               0               0               0              
197        0          memcpy                                              * 12441632   223949386       0               510106912       112        53         0          99533056   20751960   0          0.000000        0.000000        0               0.000000                  0               0               0.00000000000000000000              0               0               0               0              


Trimming tree.....
Func num   Func Inst  Function name                                        Numcalls   Instrs          Flops           Iops            Ipcomm_uq  Opcomm_uq  Local_uq   Ipcomm     Opcomm     Local      Comp_Comm_uniq  Comp_Comm       Est. Cyc        Est. Area                 Est. Dlmr time  Est. Dlmw time  Der. metr                           ip_offload      op_offload       data-ru-ipcomm   data-ru-local

Uppertree Software Time (Cycles): 3060195463.000000   
Bottom nodes Software Time (Cycles): 23975154018.000000  

183        0          fread                                               * 12441632   1343697940      0               1940897102      768        281        1080       323764492  20752274   1393463432 1850235.55958   5.6336796741    1347285620      -3842675060.227000        1638400         0               1.00121767732395339223              1638520         43              0               0              
260        0          __strtol_internal                                   * 2073600    246855308       0               432469547       17748734   8          16588916   21649676   16588800   149299196  24.3662084333   11.3098008142   249495468       114917252.206000          200             0               1.01124115657819824143              2773439         1               0               0              
231        0          finalSAD                                            * 64         2655523072      0               7302046976      135294208  10420760   3461120    2094929920 523207192  30099456   50.1118524488   2.78902389891   6805916132      -10239559772.104000       61920000        841548800       1.15753184922831620085              83059720        843177043       0               0              
251        0          feof                                                * 2073602    72576070        0               159667354       58060856   33177632   16588816   66355264   33177632   16588816   1.75            1.60416666667   72576510        2733132314.288000         0               0               1.24444260022907471352              9072008         5184005         0               0              
259        0          _IO_sputbackc                                       * 4147200    62208000        0               103680000       49766484   53913660   24883224   99532820   62208100   49766380   0.999998611113  0.641025165431  62208300        3430340956.936000         0               0               1.35211104132294446245              7776013         8424009         0               0              
230        0          integralImage2D2D                                   * 64         2820624320      0               8057414592      10354460   135293712  138411240  529736100  2094929424 1608103436 55.3210828626   3.06988243581   4857817360      -7921091899.035999        943929800       839072000       1.59165301159954819532              945547684       860211642       0               0              
228        0          padarray4                                           * 64         1174754752      0               3914119936      4129804    64956416   1792       9637292    254581736  490948     56.6555810406   14.8139214864   2236289982      -5796114757.955999        824034200       71227200        1.68112543894338939410              824679481       81376640        0               0              
235        0          findDisparity                                       * 64         1812616452      290000440       5689995824      10420740   94240      2099200    523207236  7531404    570650220  568.712091131   11.2673090167   3487450892      -11483460434.859999       1258107100      190612500       1.71197824210495630481              1259735340      190627225       0               0              
226        0          padarray2                                           * 2          62578112        0               212684118       133        588        220        7900       494676     30936      294984.907074   423.18797157    124827342       -420846944.983000         25922000        28423900        1.77106963166365405371              25922020        28423991        0               0              
223        0          fSetArray                                           * 3          37666326        0               125477898       214        140        272        274        284        23328      354457.338983   224870.784946   80826556        -248187536.638000         1500            39181600        1.94092112232951019557              1533            39181621        0               0              
229        0          computeSAD                                          * 64         1880988544      268500992       6178361920      136204560  14482732   1792       536580060  538873628  495040     42.7830563974   5.99455186582   4650260424      -8503512337.492001        1677249800      839065600       2.20349702774555167295              1698531762      841328526       0               0              
