Function name                                        Numcalls   Instrs          Flops           Iops            Ipcomm_uq  Opcomm_uq  Local_uq   Ipcomm     Opcomm     Local      Comp_Comm_uniq  Comp_Comm       Est. Cyc        Est. Area                 Est. Dlmr time  Est. Dlmw time 

134        0          main                                                * 1          5550329         65874           11141194        587        440        244144     1008       148287     3899064    0.000000        0.000000        0               0.000000                  0               0               0.00000000000000000000              0               0               0               0              
215        0          getDisparity                                        * 1          1348932         65874           4026985         624        12708      71756      937        74346      105162     0.000000        0.000000        0               0.000000                  0               0               0.00000000000000000000              0               0               0               0              
220        0          correlateSAD_2D                                     * 4          935453          28288           2699922         55976      78430      57106      119991     121090     88404      0.000000        0.000000        0               0.000000                  0               0               0.00000000000000000000              0               0               0               0              
223        0          integralImage2D2D                                   * 4          298268          0               848636          59172      100660     55520      115188     271980     81044      0.000000        0.000000        0               0.000000                  0               0               0.00000000000000000000              0               0               0               0              
224        0          finalSAD                                            * 4          250736          0               687024          54740      39261      256        197432     51802      5312       0.000000        0.000000        0               0.000000                  0               0               0.00000000000000000000              0               0               0               0              
222        0          computeSAD                                          * 4          200568          28288           655476          55456      18772      96         89144      44553      96         0.000000        0.000000        0               0.000000                  0               0               0.00000000000000000000              0               0               0               0              
221        0          padarray4                                           * 4          127060          0               420512          22117      23757      112        54085      34191      288        0.000000        0.000000        0               0.000000                  0               0               0.00000000000000000000              0               0               0               0              
225        0          iFreeHandle                                         * 4          1450            0               2290            279        136        630        346        251        1012       0.000000        0.000000        0               0.000000                  0               0               0.00000000000000000000              0               0               0               0              
115        4          _dl_runtime_resolve                                 * 1          1090            0               1780            83         67         406        102        163        744        0.000000        0.000000        0               0.000000                  0               0               0.00000000000000000000              0               0               0               0              
116        4          _dl_fixup                                           * 1          1065            0               1758            75         67         350        94         163        688        0.000000        0.000000        0               0.000000                  0               0               0.00000000000000000000              0               0               0               0              
69         5          _dl_lookup_symbol_x                                 * 1          1000            0               1661            95         27         334        122        27         672        0.000000        0.000000        0               0.000000                  0               0               0.00000000000000000000              0               0               0               0              
70         5          do_lookup_x                                         * 1          866             0               1474            77         7          250        80         7          564        0.000000        0.000000        0               0.000000                  0               0               0.00000000000000000000              0               0               0               0              
228        0          findDisparity                                       * 4          207443          37586           638772          68420      33488      13300      101368     66836      14012      0.000000        0.000000        0               0.000000                  0               0               0.00000000000000000000              0               0               0               0              
219        0          padarray2                                           * 2          100313          0               337845          105        12209      200        158        43586      408        0.000000        0.000000        0               0.000000                  0               0               0.00000000000000000000              0               0               0               0              
218        1          iSetArray                                           * 2          43819           0               150959          97         12209      160        142        43586      328        0.000000        0.000000        0               0.000000                  0               0               0.00000000000000000000              0               0               0               0              
216        0          fSetArray                                           * 3          62887           0               206436          218        12769      252        267        14622      420        0.000000        0.000000        0               0.000000                  0               0               0.00000000000000000000              0               0               0               0              
218        0          iSetArray                                           * 3          41225           0               141523          198        192        280        254        544        444        0.000000        0.000000        0               0.000000                  0               0               0.00000000000000000000              0               0               0               0              
241        0          selfCheck                                           * 1          1969329         0               3862847         12959      297        165251     74637      423        1713394    0.000000        0.000000        0               0.000000                  0               0               0.00000000000000000000              0               0               0               0              
247        0          fscanf                                              * 3073       1748032         0               3327598         98661      73725      138605     196996     98232      1684904    0.000000        0.000000        0               0.000000                  0               0               0.00000000000000000000              0               0               0               0              
248        0          vfscanf                                             * 3073       1683499         0               3266138         74117      73701      138605     295320     98208      1684904    0.000000        0.000000        0               0.000000                  0               0               0.00000000000000000000              0               0               0               0              
249        0          _IO_vfscanf                                         * 3073       1677353         0               3266138         74117      73701      138605     295320     98208      1684904    0.000000        0.000000        0               0.000000                  0               0               0.00000000000000000000              0               0               0               0              
253        0          __strtol_internal                                   * 3072       357360          0               614604          27649      8          24636      36864      24576      270336     0.000000        0.000000        0               0.000000                  0               0               0.00000000000000000000              0               0               0               0              
254        0          ____strtol_l_internal                               * 3072       348144          0               611532          27649      8          24636      36864      24576      270336     0.000000        0.000000        0               0.000000                  0               0               0.00000000000000000000              0               0               0               0              
252        0          _IO_sputbackc                                       * 6144       104448          0               196608          73756      73737      36864      147468     89103      73716      0.000000        0.000000        0               0.000000                  0               0               0.00000000000000000000              0               0               0               0              
244        0          feof                                                * 3074       107590          0               236698          110664     49184      24592      147552     49184      24592      0.000000        0.000000        0               0.000000                  0               0               0.00000000000000000000              0               0               0               0              
115        5          _dl_runtime_resolve                                 * 3          3464            0               5653            230        32         787        377        49180      2425       0.000000        0.000000        0               0.000000                  0               0               0.00000000000000000000              0               0               0               0              
116        5          _dl_fixup                                           * 3          3389            0               5587            214        32         675        353        49180      2257       0.000000        0.000000        0               0.000000                  0               0               0.00000000000000000000              0               0               0               0              
69         6          _dl_lookup_symbol_x                                 * 3          3194            0               5296            262        40         643        417        44         2209       0.000000        0.000000        0               0.000000                  0               0               0.00000000000000000000              0               0               0               0              
70         6          do_lookup_x                                         * 3          2774            0               4707            129        0          495        244        0          1904       0.000000        0.000000        0               0.000000                  0               0               0.00000000000000000000              0               0               0               0              
71         6          check_match.8499                                    * 19         1052            0               1871            162        0          176        487        0          608        0.000000        0.000000        0               0.000000                  0               0               0.00000000000000000000              0               0               0               0              
149        0          readImage                                           * 2          2222829         0               3236996         362        821        3905       543        148899     2074322    0.000000        0.000000        0               0.000000                  0               0               0.00000000000000000000              0               0               0               0              
176        0          fread                                               * 18464      1994572         0               2881012         471        237        524        664715     31460      2067988    0.000000        0.000000        0               0.000000                  0               0               0.00000000000000000000              0               0               0               0              
177        0          _IO_sgetn                                           * 18464      960588          0               1330036         383        177        332        369351     31520      1034068    0.000000        0.000000        0               0.000000                  0               0               0.00000000000000000000              0               0               0               0              
178        0          _IO_file_xsgetn                                     * 18464      905196          0               1293108         359        177        332        295495     31520      1034068    0.000000        0.000000        0               0.000000                  0               0               0.00000000000000000000              0               0               0               0              
190        0          memcpy                                              * 18464      332362          0               757024          32         57         0          147712     31228      0          0.000000        0.000000        0               0.000000                  0               0               0.00000000000000000000              0               0               0               0              
152        0          fopen@@GLIBC_2.2.5                                  * 2          53695           0               120434          169        1122       837        177        296861     935        0.000000        0.000000        0               0.000000                  0               0               0.00000000000000000000              0               0               0               0              
153        0          __fopen_internal                                    * 2          53691           0               120434          169        1122       837        177        296861     935        0.000000        0.000000        0               0.000000                  0               0               0.00000000000000000000              0               0               0               0              
155        0          malloc                                              * 2          53045           0               119512          137        682        405        145        981        499        0.000000        0.000000        0               0.000000                  0               0               0.00000000000000000000              0               0               0               0              
156        0          malloc_hook_ini                                     * 1          52899           0               119336          85         619        305        85         894        399        0.000000        0.000000        0               0.000000                  0               0               0.00000000000000000000              0               0               0               0              
157        0          ptmalloc_init                                       * 1          51727           0               117898          61         48         132        61         48         140        0.000000        0.000000        0               0.000000                  0               0               0.00000000000000000000              0               0               0               0              
159        0          _dl_addr                                            * 1          51274           0               117129          57         40         56         57         40         64         0.000000        0.000000        0               0.000000                  0               0               0.00000000000000000000              0               0               0               0              
155        1          malloc                                              * 1          1164            0               1434            48         459        165        48         686        251        0.000000        0.000000        0               0.000000                  0               0               0.00000000000000000000              0               0               0               0              
161        0          _int_malloc                                         * 1          1126            0               1373            40         455        137        40         682        223        0.000000        0.000000        0               0.000000                  0               0               0.00000000000000000000              0               0               0               0              
115        2          _dl_runtime_resolve                                 * 4          4834            0               7884            268        95         1201       451        147791     3469       0.000000        0.000000        0               0.000000                  0               0               0.00000000000000000000              0               0               0               0              
116        2          _dl_fixup                                           * 4          4734            0               7796            236        95         985        419        147791     3245       0.000000        0.000000        0               0.000000                  0               0               0.00000000000000000000              0               0               0               0              
69         3          _dl_lookup_symbol_x                                 * 4          4474            0               7408            264        79         921        499        79         3181       0.000000        0.000000        0               0.000000                  0               0               0.00000000000000000000              0               0               0               0              
70         3          do_lookup_x                                         * 4          3893            0               6590            184        15         721        423        15         2709       0.000000        0.000000        0               0.000000                  0               0               0.00000000000000000000              0               0               0               0              
71         3          check_match.8499                                    * 30         1503            0               2634            224        0          248        670        0          960        0.000000        0.000000        0               0.000000                  0               0               0.00000000000000000000              0               0               0               0              
23         14         strcmp                                              * 18         597             0               1148            16         0          0          144        0          0          0.000000        0.000000        0               0.000000                  0               0               0.00000000000000000000              0               0               0               0              
191        0          iMallocHandle                                       * 2          1626            0               2586            184        226        639        211        355        1161       0.000000        0.000000        0               0.000000                  0               0               0.00000000000000000000              0               0               0               0              
115        3          _dl_runtime_resolve                                 * 1          1250            0               2030            98         130        399        125        199        901        0.000000        0.000000        0               0.000000                  0               0               0.00000000000000000000              0               0               0               0              
116        3          _dl_fixup                                           * 1          1225            0               2008            90         130        343        117        199        845        0.000000        0.000000        0               0.000000                  0               0               0.00000000000000000000              0               0               0               0              
69         4          _dl_lookup_symbol_x                                 * 1          1160            0               1911            110        42         327        145        63         829        0.000000        0.000000        0               0.000000                  0               0               0.00000000000000000000              0               0               0               0              
70         4          do_lookup_x                                         * 1          1008            0               1696            92         18         243        103        39         721        0.000000        0.000000        0               0.000000                  0               0               0.00000000000000000000              0               0               0               0              
204        0          fclose@@GLIBC_2.2.5                                 * 2          836             0               1306            345        232        464        424        272        481        0.000000        0.000000        0               0.000000                  0               0               0.00000000000000000000              0               0               0               0              
115        1          _dl_runtime_resolve                                 * 2          2519            0               4099            197        63         732        227        71         1691       0.000000        0.000000        0               0.000000                  0               0               0.00000000000000000000              0               0               0               0              
116        1          _dl_fixup                                           * 2          2469            0               4055            178        63         628        208        71         1587       0.000000        0.000000        0               0.000000                  0               0               0.00000000000000000000              0               0               0               0              
69         2          _dl_lookup_symbol_x                                 * 2          2339            0               3861            217        55         600        263        63         1559       0.000000        0.000000        0               0.000000                  0               0               0.00000000000000000000              0               0               0               0              
70         2          do_lookup_x                                         * 2          2026            0               3417            125        11         454        131        11         1369       0.000000        0.000000        0               0.000000                  0               0               0.00000000000000000000              0               0               0               0              
71         2          check_match.8499                                    * 16         769             0               1338            121        0          160        254        0          509        0.000000        0.000000        0               0.000000                  0               0               0.00000000000000000000              0               0               0               0              
233        0          printf                                              * 1          2277            0               3662            156        258        735        324        307        1486       0.000000        0.000000        0               0.000000                  0               0               0.00000000000000000000              0               0               0               0              
143        1          vfprintf                                            * 1          2252            0               3641            172        214        735        340        259        1486       0.000000        0.000000        0               0.000000                  0               0               0.00000000000000000000              0               0               0               0              
234        0          _IO_file_xsputn@@GLIBC_2.2.5                        * 5          1441            0               2221            133        128        493        139        162        973        0.000000        0.000000        0               0.000000                  0               0               0.00000000000000000000              0               0               0               0              
145        1          _IO_default_xsputn                                  * 1          762             0               1299            44         8          176        392        8          512        0.000000        0.000000        0               0.000000                  0               0               0.00000000000000000000              0               0               0               0              
261        0          photonPrintTiming                                   * 1          1362            0               2245            182        80         411        211        88         724        0.000000        0.000000        0               0.000000                  0               0               0.00000000000000000000              0               0               0               0              
233        1          printf                                              * 1          1354            0               2236            166        80         411        195        88         724        0.000000        0.000000        0               0.000000                  0               0               0.00000000000000000000              0               0               0               0              
143        3          vfprintf                                            * 1          1329            0               2215            166        68         411        203        68         724        0.000000        0.000000        0               0.000000                  0               0               0.00000000000000000000              0               0               0               0              
137        0          sprintf                                             * 2          1304            0               1678            41         257        638        133        433        1056       0.000000        0.000000        0               0.000000                  0               0               0.00000000000000000000              0               0               0               0              
138        0          vsprintf                                            * 2          1262            0               1638            73         193        638        213        313        1056       0.000000        0.000000        0               0.000000                  0               0               0.00000000000000000000              0               0               0               0              
143        0          vfprintf                                            * 2          984             0               1360            133        121        442        309        213        831        0.000000        0.000000        0               0.000000                  0               0               0.00000000000000000000              0               0               0               0              


Trimming tree.....
Func num   Func Inst  Function name                                        Numcalls   Instrs          Flops           Iops            Ipcomm_uq  Opcomm_uq  Local_uq   Ipcomm     Opcomm     Local      Comp_Comm_uniq  Comp_Comm       Est. Cyc        Est. Area                 Est. Dlmr time  Est. Dlmw time  Der. metr                           ip_offload      op_offload       data-ru-ipcomm   data-ru-local

Uppertree Software Time (Cycles): 2305649.000000      
Bottom nodes Software Time (Cycles): 5766545.000000      

241        0          selfCheck                                           * 1          1969329         0               3862847         12959      297        165251     74637      423        1713394    291.403666264   51.4634559019   2025379         -2359794.621000           1800            0               1.00191503099604739546              3824            46              0               0              
176        0          fread                                               * 18464      1994572         0               2881012         471        237        524        664715     31460      2067988    4069.2259887    4.13834452544   2015962         -5428566.496000           14700           0               1.00740105180698780174              14773           37              0               0              
220        0          correlateSAD_2D                                     * 4          935453          28288           2699922         55976      78430      57106      119991     121090     88404      20.2982753746   11.3165699495   1033833         254529.024000             0               19100           1.04035387305418658421              8746            31354           0               0              
261        0          photonPrintTiming                                   * 1          1362            0               2245            182        80         411        211        88         724        8.56870229008   7.50836120401   2562            255585.321000             100             0               1.05821307793582364276              128             12              0               0              
228        0          findDisparity                                       * 4          207443          37586           638772          68420      33488      13300      101368     66836      14012      6.63694705028   4.02105776319   231583          2159547.776000            0               0               1.07383443489429830642              10690           5232            0               0              
219        0          padarray2                                           * 2          100313          0               337845          105        12209      200        158        43586      408        27.4358453792   7.72323061448   155513          -74074.722000             0               44200           1.42165198377578172462              16              46107           0               0              
216        0          fSetArray                                           * 3          62887           0               206436          218        12769      252        267        14622      420        15.8955878956   13.8650010075   135157          206615.923000             0               63500           1.94113610362961264144              34              65495           0               0              
159        0          _dl_addr                                            * 1          51274           0               117129          57         40         56         57         40         64         1207.51546392   1207.51546392   158244          13410.961000              77700           0               1.96505987955402616763              77708           6               0               0              
