			Function name                                        Numcalls   Instrs          Flops           Iops            Ipcomm_uq  Opcomm_uq  Local_uq   Ipcomm     Opcomm     Local      Comp_Comm_uniq  Comp_Comm       Est. Cyc        Est. Area                 Est. Dlmr time  Est. Dlmw time 

164        0          main                                                * 1          1970353853      168213          2802722721      1175       9340584    375252632  2724       107662351  1782233389 0.000000        0.000000        0               0.000000                  0               0               0.00000000000000000000              0               0               0               0              
248        0          fprintf                                             * 332495     1172318937      0               2048834702      4099016    26660458   133204562  56812256   88914824   865341033  0.000000        0.000000        0               0.000000                  0               0               0.00000000000000000000              0               0               0               0              
202        1          vfprintf                                            * 332495     1164006564      0               2033872430      5459420    5321198    133204562  80751828   34403432   865341033  0.000000        0.000000        0               0.000000                  0               0               0.00000000000000000000              0               0               0               0              
217        1          __printf_fp                                         * 664986     802847071       0               1408297132      12706678   8662340    96527481   79755852   12796780   626513196  0.000000        0.000000        0               0.000000                  0               0               0.00000000000000000000              0               0               0               0              
227        1          hack_digit.13629                                    * 5180024    267171207       0               365904255       33939304   5075688    23623128   218729008  5129080    228406200  0.000000        0.000000        0               0.000000                  0               0               0.00000000000000000000              0               0               0               0              
225        3          __mpn_mul_1                                         * 5159002    103181048       0               139294902       15456216   4715040    7801776    48940336   4758640    74876376   0.000000        0.000000        0               0.000000                  0               0               0.00000000000000000000              0               0               0               0              
228        1          __mpn_divrem                                        * 347348     16419199        0               16806123        6291112    6086544    2833016    10369816   7591032    25009160   0.000000        0.000000        0               0.000000                  0               0               0.00000000000000000000              0               0               0               0              
214        4          __GI_mempcpy                                        * 664986     11969748        0               27264426        5317232    664986     0          5319888    664986     0          0.000000        0.000000        0               0.000000                  0               0               0.00000000000000000000              0               0               0               0              
221        1          __mpn_lshift                                        * 665330     9981326         0               25953718        1914416    5415584    0          10648024   5683200    0          0.000000        0.000000        0               0.000000                  0               0               0.00000000000000000000              0               0               0               0              
220        1          __mpn_extract_double                                * 664986     13964706        0               15959668        5319888    3989924    1731240    5319888    13097400   5319888    0.000000        0.000000        0               0.000000                  0               0               0.00000000000000000000              0               0               0               0              
231        1          strlen                                              * 664986     10639776        0               15294678        5319888    0          0          5319888    0          0          0.000000        0.000000        0               0.000000                  0               0               0.00000000000000000000              0               0               0               0              
226        1          __mpn_rshift                                        * 257620     4382268         0               12892594        4924120    4185520    56080      6132256    6712016    56080      0.000000        0.000000        0               0.000000                  0               0               0.00000000000000000000              0               0               0               0              
219        1          isinf                                               * 664986     8644818         0               10639776        5319888    0          0          5319888    0          0          0.000000        0.000000        0               0.000000                  0               0               0.00000000000000000000              0               0               0               0              
225        5          __mpn_mul_1                                         * 162644     5205364         0               7970960         3904320    2672488    1301152    3904320    3570568    1301152    0.000000        0.000000        0               0.000000                  0               0               0.00000000000000000000              0               0               0               0              
222        1          __GI_memcpy                                         * 103131     2372013         0               5156550         871528     1702624    569472     871528     2074232    569472     0.000000        0.000000        0               0.000000                  0               0               0.00000000000000000000              0               0               0               0              
218        1          isnan                                               * 664986     4654902         0               3989916         5319888    0          0          5319888    0          0          0.000000        0.000000        0               0.000000                  0               0               0.00000000000000000000              0               0               0               0              
224        1          __mpn_mul                                           * 23531      1651342         0               1984352         564416     632592     1170936    569544     690392     1882448    0.000000        0.000000        0               0.000000                  0               0               0.00000000000000000000              0               0               0               0              
225        4          __mpn_mul_1                                         * 23531      757164          0               1160767         413880     627752     4696       569512     684696     188248     0.000000        0.000000        0               0.000000                  0               0               0.00000000000000000000              0               0               0               0              
223        1          __mpn_cmp                                           * 65509      821567          0               1730880         1625296    0          0          1803000    0          0          0.000000        0.000000        0               0.000000                  0               0               0.00000000000000000000              0               0               0               0              
204        1          _IO_file_xsputn@@GLIBC_2.2.5                        * 1662471    104813772       0               145240875       23340754   7333000    34671254   33905503   21934904   86546072   0.000000        0.000000        0               0.000000                  0               0               0.00000000000000000000              0               0               0               0              
214        3          __GI_mempcpy                                        * 1495850    28181244        0               62585794        8308       0          0          13738069   0          0          0.000000        0.000000        0               0.000000                  0               0               0.00000000000000000000              0               0               0               0              
203        1          strchrnul                                           * 1329976    26599520        0               47879136        10639808   0          0          10639808   0          0          0.000000        0.000000        0               0.000000                  0               0               0.00000000000000000000              0               0               0               0              
215        1          _itoa_word                                          * 332491     24597682        0               29805599        2659928    3314       0          2659928    1772731    0          0.000000        0.000000        0               0.000000                  0               0               0.00000000000000000000              0               0               0               0              
257        0          Kn                                                  * 664980     185731538       644             185154628       10640831   3960       50562124   15961467   9496       133051248  0.000000        0.000000        0               0.000000                  0               0               0.00000000000000000000              0               0               0               0              
236        3          exp                                                 * 1329960    157137398       644             173184988       5320991    3960       23962924   10641627   9496       79852848   0.000000        0.000000        0               0.000000                  0               0               0.00000000000000000000              0               0               0               0              
238        3          __ieee754_exp_avx                                   * 1329960    134528078       644             145255828       5320991    3960       18643084   10641627   9496       69213168   0.000000        0.000000        0               0.000000                  0               0               0.00000000000000000000              0               0               0               0              
269        0          __slowexp_avx                                       * 14         202161          644             290227          1151       3960       23644      1947       9496       55384      0.000000        0.000000        0               0.000000                  0               0               0.00000000000000000000              0               0               0               0              
255        0          Km                                                  * 664980     185729189       636             185152563       17278244   2172       50563072   22601060   2172       126459644  0.000000        0.000000        0               0.000000                  0               0               0.00000000000000000000              0               0               0               0              
236        1          exp                                                 * 1329960    157135049       636             173182923       11958404   2172       23963872   17281220   2172       73261244   0.000000        0.000000        0               0.000000                  0               0               0.00000000000000000000              0               0               0               0              
238        1          __ieee754_exp_avx                                   * 1329960    134525729       636             145253763       11958404   2172       18644032   17281220   2172       62621564   0.000000        0.000000        0               0.000000                  0               0               0.00000000000000000000              0               0               0               0              
269        2          __slowexp_avx                                       * 14         199812          636             288162          2392       496        24592      5368       496        99952      0.000000        0.000000        0               0.000000                  0               0               0.00000000000000000000              0               0               0               0              
256        0          Kh                                                  * 664980     183752396       688             184512599       10642558   1936       50564288   15966402   1936       122437376  0.000000        0.000000        0               0.000000                  0               0               0.00000000000000000000              0               0               0               0              
236        2          exp                                                 * 1329960    157153196       688             173207939       5322718    1936       23965088   10646562   1936       79878656   0.000000        0.000000        0               0.000000                  0               0               0.00000000000000000000              0               0               0               0              
238        2          __ieee754_exp_avx                                   * 1329960    134543876       688             145278779       5322718    1936       18645248   10646562   1936       69238976   0.000000        0.000000        0               0.000000                  0               0               0.00000000000000000000              0               0               0               0              
269        1          __slowexp_avx                                       * 15         217957          688             313177          2886       552        25808      6890       552        81200      0.000000        0.000000        0               0.000000                  0               0               0.00000000000000000000              0               0               0               0              
274        1          __mpexp_avx                                         * 15         198295          420             286646          2752       3158       20512      7456       6394       75240      0.000000        0.000000        0               0.000000                  0               0               0.00000000000000000000              0               0               0               0              
258        0          KIext                                               * 498735     82832540        0               92428659        4016295    1993748    36630786   4016311    1993876    57778716   0.000000        0.000000        0               0.000000                  0               0               0.00000000000000000000              0               0               0               0              
261        0          __sin_avx                                           * 498735     71859618        0               85943899        4016164    1993736    12691184   4016172    1993864    25859276   0.000000        0.000000        0               0.000000                  0               0               0.00000000000000000000              0               0               0               0              
252        0          __cos_avx                                           * 166245     22911992        0               27158798        5407804    4          3366552    5408320    12         4656956    0.000000        0.000000        0               0.000000                  0               0               0.00000000000000000000              0               0               0               0              
254        0          KV                                                  * 664980     28594140        0               11969640        15224620   0          48613492   45766548   0          76589772   0.000000        0.000000        0               0.000000                  0               0               0.00000000000000000000              0               0               0               0              


Trimming tree.....
Node under main has inclusive communication costs as zero!
Node under main has inclusive communication costs as zero!
Func num   Func Inst  Function name                                        Numcalls   Instrs          Flops           Iops            Ipcomm_uq  Opcomm_uq  Local_uq   Ipcomm     Opcomm     Local      Comp_Comm_uniq  Comp_Comm       Est. Cyc        Est. Area                 Est. Dlmr time  Est. Dlmw time  Der. metr                           ip_offload      op_offload       data-ru-ipcomm   data-ru-local

Uppertree Software Time (Cycles): 220970.000000       
Bottom nodes Software Time (Cycles): 191029.000000       

