Function name                                        Numcalls   Instrs          Flops           Iops            Ipcomm_uq  Opcomm_uq  Local_uq   Ipcomm     Opcomm     Local      Comp_Comm_uniq  Comp_Comm       Est. Cyc        Est. Area                 Est. Dlmr time  Est. Dlmw time 

139        0          main                                                * 1          462861105       24530907        896003517       697        818        1473521    997        22267745   254684028  0.000000        0.000000        0               0.000000                  0               0               0.00000000000000000000              0               0               0               0              
153        0          readImage                                           * 5          178055376       0               255710618       7229       672982     26166      1224023    31004299   170614742  0.000000        0.000000        0               0.000000                  0               0               0.00000000000000000000              0               0               0               0              
179        0          fread                                               * 1520720    164284750       0               237304145       17936      815        20616      61492547   3331859    170345656  0.000000        0.000000        0               0.000000                  0               0               0.00000000000000000000              0               0               0               0              
180        0          _IO_sgetn                                           * 1520720    79124430        0               109563665       17620      1405       20136      22112635   9333719    85185496   0.000000        0.000000        0               0.000000                  0               0               0.00000000000000000000              0               0               0               0              
181        0          _IO_file_xsgetn                                     * 1520720    74562270        0               106522225       15156      1405       20136      12380027   9333719    85185496   0.000000        0.000000        0               0.000000                  0               0               0.00000000000000000000              0               0               0               0              
193        0          memcpy                                              * 1520720    27372985        0               62349520        7143       233        0          12200838   2540422    0          0.000000        0.000000        0               0.000000                  0               0               0.00000000000000000000              0               0               0               0              
156        0          fopen@@GLIBC_2.2.5                                  * 5          63537           0               115903          763        21380      1425       827        37749886   1559       0.000000        0.000000        0               0.000000                  0               0               0.00000000000000000000              0               0               0               0              
157        0          __fopen_internal                                    * 5          63527           0               115903          763        21380      1425       827        37749886   1559       0.000000        0.000000        0               0.000000                  0               0               0.00000000000000000000              0               0               0               0              
159        0          malloc                                              * 5          61967           0               113703          455        11857      623        487        22043      747        0.000000        0.000000        0               0.000000                  0               0               0.00000000000000000000              0               0               0               0              
160        0          malloc_hook_ini                                     * 1          61102           0               112343          127        11326      259        127        21464      359        0.000000        0.000000        0               0.000000                  0               0               0.00000000000000000000              0               0               0               0              
161        0          ptmalloc_init                                       * 1          60041           0               110999          79         48         102        79         52         110        0.000000        0.000000        0               0.000000                  0               0               0.00000000000000000000              0               0               0               0              
163        0          _dl_addr                                            * 1          59450           0               110017          67         40         62         67         44         70         0.000000        0.000000        0               0.000000                  0               0               0.00000000000000000000              0               0               0               0              
228        0          imageBlur                                           * 5          65449490        9883200         133594298       891188     2311051    2581       13650680   21265499   17422680   0.000000        0.000000        0               0.000000                  0               0               0.00000000000000000000              0               0               0               0              
229        0          fSetArray                                           * 10         6111586         0               20328667        1030       1123356    964        1637       14459481   10036      0.000000        0.000000        0               0.000000                  0               0               0.00000000000000000000              0               0               0               0              
240        0          calcSobel_dY                                        * 9          52950874        7191984         109659586       1059674    705761     298132     7159699    5355131    17551628   0.000000        0.000000        0               0.000000                  0               0               0.00000000000000000000              0               0               0               0              
229        3          fSetArray                                           * 18         7342002         0               24408100        3130       1025689    2524       4807       7203473    16228      0.000000        0.000000        0               0.000000                  0               0               0.00000000000000000000              0               0               0               0              
244        0          fillFeatures                                        * 1          33479153        1875126         110886871       245        6120       6160       1257       8145       19068964   0.000000        0.000000        0               0.000000                  0               0               0.00000000000000000000              0               0               0               0              
239        0          calcSobel_dX                                        * 9          40964571        0               86298097        1190049    826338     109308     8707853    7902535    16323536   0.000000        0.000000        0               0.000000                  0               0               0.00000000000000000000              0               0               0               0              
229        2          fSetArray                                           * 18         7342369         0               24408622        3113       1139801    2304       4961       9867363    13604      0.000000        0.000000        0               0.000000                  0               0               0.00000000000000000000              0               0               0               0              
251        0          calcPyrLKTrack                                      * 4          40591075        1034544         78102710        920830     39699      117325     15209205   40372      474201     0.000000        0.000000        0               0.000000                  0               0               0.00000000000000000000              0               0               0               0              
253        0          getInterpolatePatch                                 * 610        32782755        1029300         69424349        910459     3959356    86773      15152295   11045592   371049     0.000000        0.000000        0               0.000000                  0               0               0.00000000000000000000              0               0               0               0              
229        8          fSetArray                                           * 610        6067505         0               19888929        31108      2091610    20156      57652      5008170    128120     0.000000        0.000000        0               0.000000                  0               0               0.00000000000000000000              0               0               0               0              
230        18         fMallocHandle                                       * 610        196255          0               346359          26200      25706      20076      57592      45814      115980     0.000000        0.000000        0               0.000000                  0               0               0.00000000000000000000              0               0               0               0              
159        30         malloc                                              * 610        185885          0               331719          26856      23238      20012      53376      42802      106268     0.000000        0.000000        0               0.000000                  0               0               0.00000000000000000000              0               0               0               0              
165        30         _int_malloc                                         * 610        164535          0               298779          25144      21662      18352      41992      41226      88372      0.000000        0.000000        0               0.000000                  0               0               0.00000000000000000000              0               0               0               0              
231        8          fFreeHandle                                         * 614        83080           0               135316          29517      19881      28648      77596      26274      59400      0.000000        0.000000        0               0.000000                  0               0               0.00000000000000000000              0               0               0               0              
152        17         free                                                * 614        80624           0               133474          29485      19881      28648      72684      26274      59400      0.000000        0.000000        0               0.000000                  0               0               0.00000000000000000000              0               0               0               0              
216        14         _int_free                                           * 614        71414           0               121194          25149      20457      28648      68348      26850      59400      0.000000        0.000000        0               0.000000                  0               0               0.00000000000000000000              0               0               0               0              
241        0          calcGoodFeature                                     * 1          20094894        811011          53770738        261363     1432       496788     1375521    5263       8798707    0.000000        0.000000        0               0.000000                  0               0               0.00000000000000000000              0               0               0               0              
242        0          calcAreaSum                                         * 3          14199604        3               40770665        131635     289856     364240     461926     1749131    5731796    0.000000        0.000000        0               0.000000                  0               0               0.00000000000000000000              0               0               0               0              
235        0          imageResize                                         * 5          25145280        3720410         47890725        757109     597937     58597      5541447    3421601    3819689    0.000000        0.000000        0               0.000000                  0               0               0.00000000000000000000              0               0               0               0              
229        1          fSetArray                                           * 10         2303710         0               7644632         1170       946707     1092       2816       7306814    4914       0.000000        0.000000        0               0.000000                  0               0               0.00000000000000000000              0               0               0               0              
247        1          fDeepCopy                                           * 16         4586603         0               15253404        648598     435452     298194     1472778    4386215    465278     0.000000        0.000000        0               0.000000                  0               0               0.00000000000000000000              0               0               0               0              
243        0          fReshape                                            * 1          1118616         0               3756291         101        131192     180        1529       1975945    196        0.000000        0.000000        0               0.000000                  0               0               0.00000000000000000000              0               0               0               0              
246        0          getANMS                                             * 1          335131          14560           900595          9475       9484       44212      12023      1225921    103563     0.000000        0.000000        0               0.000000                  0               0               0.00000000000000000000              0               0               0               0              
247        0          fDeepCopy                                           * 27         138431          0               376195          38341      20884      2909       56850      1256392    5529       0.000000        0.000000        0               0.000000                  0               0               0.00000000000000000000              0               0               0               0              


Trimming tree.....
Func num   Func Inst  Function name                                        Numcalls   Instrs          Flops           Iops            Ipcomm_uq  Opcomm_uq  Local_uq   Ipcomm     Opcomm     Local      Comp_Comm_uniq  Comp_Comm       Est. Cyc        Est. Area                 Est. Dlmr time  Est. Dlmw time  Der. metr                           ip_offload      op_offload       data-ru-ipcomm   data-ru-local

Uppertree Software Time (Cycles): 104331938.000000    
Bottom nodes Software Time (Cycles): 464386679.000000    

179        0          fread                                               * 1520720    164284750       0               237304145       17936      815        20616      61492547   3331859    170345656  12655.5461042   3.66072224403   164313070       -468508026.441000         13300           0               1.00009878366336546485              16102           127             0               0              
244        0          fillFeatures                                        * 1          33479153        1875126         110886871       245        6120       6160       1257       8145       19068964   17715.9461115   11993.4053393   33630463        -222673584.635000         100             7100            1.00024372333049504924              138             8056            0               0              
251        0          calcPyrLKTrack                                      * 4          40591075        1034544         78102710        920830     39699      117325     15209205   40372      474201     82.3892396794   5.18947207519   42642455        -125972285.362000         5400            1000            1.00368316052611228351              149279          7202            0               0              
243        0          fReshape                                            * 1          1118616         0               3756291         101        131192     180        1529       1975945    196        28.6099868234   1.89954001924   2201636         -3478794.159000           0               0               1.00940549691703185253              15              20498           0               0              
240        0          calcSobel_dY                                        * 9          52950874        7191984         109659586       1059674    705761     298132     7159699    5355131    17551628   66.1885427671   9.3370481261    56214094        -172773624.541000         0               900300          1.02136978812389589422              165574          1010575         0               0              
228        0          imageBlur                                           * 5          65449490        9883200         133594298       891188     2311051    2581       13650680   21265499   17422680   44.8053683688   4.10919814565   69304920        -193221750.900000         300             1900900         1.03589579774742701623              139548          2262001         0               0              
235        0          imageResize                                         * 5          25145280        3720410         47890725        757109     597937     58597      5541447    3421601    3819689    38.088105496    5.75821249646   27059060        -61975464.189000          500             919600          1.04365394066993921740              118798          1013027         0               0              
239        0          calcSobel_dX                                        * 9          40964571        0               86298097        1190049    826338     109308     8707853    7902535    16323536   42.7983799737   5.19542933013   45547571        -110520954.545000         200             2217400         1.05887866410671804829              186145          2346515         0               0              
242        0          calcAreaSum                                         * 3          14199604        3               40770665        131635     289856     364240     461926     1749131    5731796    96.7296288651   18.4394468347   22848374        -58266807.153000          100             1900900         1.09419133964251069635              20667           1946190         0               0              
246        0          getANMS                                             * 1          335131          14560           900595          9475       9484       44212      12023      1225921    103563     48.2702146738   0.73925395656   392791          215279.467000             2000            31900           1.10356666456242935581              3480            33381           0               0              
163        0          _dl_addr                                            * 1          59450           0               110017          67         40         62         67         44         70         1028.19626168   991.144144144   172370          27945.153000              82700           0               1.92262901699428878644              82710           6               0               0              
