Function name                                        Numcalls   Instrs          Flops           Iops            Ipcomm_uq  Opcomm_uq  Local_uq   Ipcomm     Opcomm     Local      Comp_Comm_uniq  Comp_Comm       Est. Cyc        Est. Area                 Est. Dlmr time  Est. Dlmw time 

136        0          main                                                * 1          2035157094      2176613         5022496198      1034       639        182405605  199373     831        612742400  0.000000        0.000000        0               0.000000                  0               0               0.00000000000000000000              0               0               0               0              
230        0          getAlphaFromTrainSet                                * 1          1044582852      1877393         2916116307      9577849    396858     76954804   13583690   993459     124967656  0.000000        0.000000        0               0.000000                  0               0               0.00000000000000000000              0               0               0               0              
237        0          examineExample                                      * 4564       1040763160      1870101         2903864025      25957811   7346       76340919   225017561  205730     124209960  0.000000        0.000000        0               0.000000                  0               0               0.00000000000000000000              0               0               0               0              
238        0          cal_learned_func                                    * 3437       681692747       948440          1902905229      14121951   58752      50177612   149414813  69803      81443340   0.000000        0.000000        0               0.000000                  0               0               0.00000000000000000000              0               0               0               0              
240        1          polynomial                                          * 65260      420303585       261040          1187258498      21998260   7458340    28846096   155796500  11306364   38498164   0.000000        0.000000        0               0.000000                  0               0               0.00000000000000000000              0               0               0               0              
241        1          fMtimes                                             * 65260      184294240       0               495780220       15662380   6827888    7174020    146056836  7862104    7434684    0.000000        0.000000        0               0.000000                  0               0               0.00000000000000000000              0               0               0               0              
204        12         fMallocHandle                                       * 65260      13900380        0               22384180        9793540    6827888    3780540    11099116   7862104    4041204    0.000000        0.000000        0               0.000000                  0               0               0.00000000000000000000              0               0               0               0              
171        16         malloc                                              * 65260      12790960        0               20817940        9271460    6044768    2736380    10577036   7078984    2997044    0.000000        0.000000        0               0.000000                  0               0               0.00000000000000000000              0               0               0               0              
177        16         _int_malloc                                         * 65260      10506860        0               17293900        7052432    5783728    1822928    8358008    6817944    2083592    0.000000        0.000000        0               0.000000                  0               0               0.00000000000000000000              0               0               0               0              
244        1          pow                                                 * 65260      21891285        0               26805178        1571488    392116     8361248    1571488    392124     15144432   0.000000        0.000000        0               0.000000                  0               0               0.00000000000000000000              0               0               0               0              
245        1          __ieee754_pow                                       * 65260      18432505        0               20931778        1571488    392116     5750848    1571488    392124     10967792   0.000000        0.000000        0               0.000000                  0               0               0.00000000000000000000              0               0               0               0              
246        1          __exp1                                              * 65311      5746756         0               5223758         2592       0          5184       522488     0          2089136    0.000000        0.000000        0               0.000000                  0               0               0.00000000000000000000              0               0               0               0              
248        1          finite                                              * 65260      456820          0               1109420         522080     0          522080     522080     0          522080     0.000000        0.000000        0               0.000000                  0               0               0.00000000000000000000              0               0               0               0              
247        1          isnan                                               * 130520     913640          0               783120          522080     0          0          1044160    0          0          0.000000        0.000000        0               0.000000                  0               0               0.00000000000000000000              0               0               0               0              
233        3          fFreeHandle                                         * 130520     13639340        0               21144240        6799856    2936696    6264960    10637380   5742876    8353280    0.000000        0.000000        0               0.000000                  0               0               0.00000000000000000000              0               0               0               0              
157        6          free                                                * 130520     13117260        0               20752680        6277776    2936696    6264960    9593220    5742876    8353280    0.000000        0.000000        0               0.000000                  0               0               0.00000000000000000000              0               0               0               0              
228        4          _int_free                                           * 130520     11159460        0               18142280        5233616    2936696    6264960    8549060    5742876    8353280    0.000000        0.000000        0               0.000000                  0               0               0.00000000000000000000              0               0               0               0              
204        11         fMallocHandle                                       * 65260      12725700        0               20295860        8421804    5246300    3391348    8422892    7130700    3911248    0.000000        0.000000        0               0.000000                  0               0               0.00000000000000000000              0               0               0               0              
171        15         malloc                                              * 65260      11616280        0               18729620        7377644    4718248    2347188    7378732    6336964    2867088    0.000000        0.000000        0               0.000000                  0               0               0.00000000000000000000              0               0               0               0              
177        15         _int_malloc                                         * 65260      9332180         0               15205580        4506204    4457208    2086148    4507292    6075924    2606048    0.000000        0.000000        0               0.000000                  0               0               0.00000000000000000000              0               0               0               0              
204        10         fMallocHandle                                       * 130520     27985932        0               45985724        6582644    10753020   7045924    8999440    13153552   16440072   0.000000        0.000000        0               0.000000                  0               0               0.00000000000000000000              0               0               0               0              
171        14         malloc                                              * 130520     25767092        0               42853244        6060564    10203580   6001764    7955200    11570064   14351752   0.000000        0.000000        0               0.000000                  0               0               0.00000000000000000000              0               0               0               0              
177        14         _int_malloc                                         * 130520     21198892        0               35805164        5016320    9942540    4695468    6649992    11309024   10436160   0.000000        0.000000        0               0.000000                  0               0               0.00000000000000000000              0               0               0               0              
157        7          free                                                * 130520     26560820        0               37916060        8972498    5673902    12027496   15029456   6918738    22234004   0.000000        0.000000        0               0.000000                  0               0               0.00000000000000000000              0               0               0               0              
228        5          _int_free                                           * 130520     24603020        0               35305660        8450418    6195982    12027496   14507376   7440818    22234004   0.000000        0.000000        0               0.000000                  0               0               0.00000000000000000000              0               0               0               0              
178        4          malloc_consolidate                                  * 65260      9789000         0               10767900        5513718    4087630    3674216    6610916    5327572    8333624    0.000000        0.000000        0               0.000000                  0               0               0.00000000000000000000              0               0               0               0              
239        0          takeStep                                            * 1729       358560745       817736          999702559       11987185   258983     26162543   77947544   2292703    42411648   0.000000        0.000000        0               0.000000                  0               0               0.00000000000000000000              0               0               0               0              
238        1          cal_learned_func                                    * 3004       341401438       731116          953806914       10466525   148831     24851160   76267071   183042     40259407   0.000000        0.000000        0               0.000000                  0               0               0.00000000000000000000              0               0               0               0              
240        2          polynomial                                          * 32579      209499246       130316          592345015       11364423   3681475    14393660   77778349   5607504    19217184   0.000000        0.000000        0               0.000000                  0               0               0.00000000000000000000              0               0               0               0              
241        2          fMtimes                                             * 32579      92003096        0               247502663       8315116    3404668    3578028    72918084   3926276    3707724    0.000000        0.000000        0               0.000000                  0               0               0.00000000000000000000              0               0               0               0              
204        15         fMallocHandle                                       * 32579      6939327         0               11174597        4892512    3404668    1883920    5544712    3926276    2013616    0.000000        0.000000        0               0.000000                  0               0               0.00000000000000000000              0               0               0               0              
171        19         malloc                                              * 32579      6385484         0               10392701        4631880    3013720    1362656    5284080    3535328    1492352    0.000000        0.000000        0               0.000000                  0               0               0.00000000000000000000              0               0               0               0              
177        19         _int_malloc                                         * 32579      5245219         0               8633435         3521012    2883404    909732     4173212    3405012    1039428    0.000000        0.000000        0               0.000000                  0               0               0.00000000000000000000              0               0               0               0              
244        2          pow                                                 * 32579      10930241        0               13383606        781976     196396     4171568    781976     196396     7564296    0.000000        0.000000        0               0.000000                  0               0               0.00000000000000000000              0               0               0               0              
245        2          __ieee754_pow                                       * 32579      9203554         0               10451496        781976     196396     2868408    781976     196396     5479240    0.000000        0.000000        0               0.000000                  0               0               0.00000000000000000000              0               0               0               0              
246        2          __exp1                                              * 32612      2869460         0               2608234         272        0          544        260896     0          1043056    0.000000        0.000000        0               0.000000                  0               0               0.00000000000000000000              0               0               0               0              
248        2          finite                                              * 32579      228053          0               553843          260632     0          260632     260632     0          260632     0.000000        0.000000        0               0.000000                  0               0               0.00000000000000000000              0               0               0               0              
233        4          fFreeHandle                                         * 65158      6483221         0               10197227        3400608    1466055    3127584    5310377    2866952    4170112    0.000000        0.000000        0               0.000000                  0               0               0.00000000000000000000              0               0               0               0              
157        8          free                                                * 65158      6222589         0               10001753        3139976    1466055    3127584    4789113    2866952    4170112    0.000000        0.000000        0               0.000000                  0               0               0.00000000000000000000              0               0               0               0              
228        6          _int_free                                           * 65158      5245219         0               8698593         2618712    1466055    3127584    4267849    2866952    4170112    0.000000        0.000000        0               0.000000                  0               0               0.00000000000000000000              0               0               0               0              
204        14         fMallocHandle                                       * 32579      6352905         0               10132069        4206803    2629596    1692056    4206803    3563727    1950628    0.000000        0.000000        0               0.000000                  0               0               0.00000000000000000000              0               0               0               0              
171        18         malloc                                              * 32579      5799062         0               9350173         3685539    2365604    1170792    3685539    3167687    1429364    0.000000        0.000000        0               0.000000                  0               0               0.00000000000000000000              0               0               0               0              
177        18         _int_malloc                                         * 32579      4658797         0               7590907         2252063    2235288    1040476    2252063    3037371    1299048    0.000000        0.000000        0               0.000000                  0               0               0.00000000000000000000              0               0               0               0              
204        13         fMallocHandle                                       * 65158      13927329        0               22863781        3341783    5304976    3528596    4557270    6483619    8113316    0.000000        0.000000        0               0.000000                  0               0               0.00000000000000000000              0               0               0               0              
171        17         malloc                                              * 65158      12819643        0               21299989        3081151    5031224    3007332    4025942    5695891    7070788    0.000000        0.000000        0               0.000000                  0               0               0.00000000000000000000              0               0               0               0              
177        17         _int_malloc                                         * 65158      10539113        0               17781457        2524663    4900908    2345688    3334106    5565575    5146240    0.000000        0.000000        0               0.000000                  0               0               0.00000000000000000000              0               0               0               0              
157        9          free                                                * 65158      13259653        0               18928399        4507891    2854829    6031688    7530322    3487701    11072287   0.000000        0.000000        0               0.000000                  0               0               0.00000000000000000000              0               0               0               0              
228        7          _int_free                                           * 65158      12282283        0               17625239        4247259    3115461    6031688    7269690    3748333    11072287   0.000000        0.000000        0               0.000000                  0               0               0.00000000000000000000              0               0               0               0              
178        5          malloc_consolidate                                  * 32579      4886850         0               5375535         2781204    2063969    1861576    3327631    2683713    4132960    0.000000        0.000000        0               0.000000                  0               0               0.00000000000000000000              0               0               0               0              
240        0          polynomial                                          * 1575       10333895        6300            28905270        2428837    162329     790622     3602240    1652726    1053404    0.000000        0.000000        0               0.000000                  0               0               0.00000000000000000000              0               0               0               0              
241        0          fMtimes                                             * 1575       4447800         0               11965275        1873280    228916     163720     3536480    254124     167920     0.000000        0.000000        0               0.000000                  0               0               0.00000000000000000000              0               0               0               0              
204        9          fMallocHandle                                       * 1575       335475          0               540225          245780     228916     81820      279380     254124     86020      0.000000        0.000000        0               0.000000                  0               0               0.00000000000000000000              0               0               0               0              
204        8          fMallocHandle                                       * 1575       511875          0               756525          282768     260660     235972     304297     333635     250624     0.000000        0.000000        0               0.000000                  0               0               0.00000000000000000000              0               0               0               0              
171        12         malloc                                              * 1575       485100          0               718725          265968     247692     210772     287497     314367     225424     0.000000        0.000000        0               0.000000                  0               0               0.00000000000000000000              0               0               0               0              
177        12         _int_malloc                                         * 1575       429975          0               633675          230268     241392     179272     251797     308067     193924     0.000000        0.000000        0               0.000000                  0               0               0.00000000000000000000              0               0               0               0              
244        0          pow                                                 * 1575       528778          0               648056          58576      12528      209972     58576      12528      344624     0.000000        0.000000        0               0.000000                  0               0               0.00000000000000000000              0               0               0               0              
245        0          __ieee754_pow                                       * 1575       445303          0               506306          58576      12528      146972     58576      12528      243824     0.000000        0.000000        0               0.000000                  0               0               0.00000000000000000000              0               0               0               0              
232        1          fDeepCopy                                           * 1718       3868034         0               9508144         848252     334540     183976     1563532    670526     234144     0.000000        0.000000        0               0.000000                  0               0               0.00000000000000000000              0               0               0               0              
204        6          fMallocHandle                                       * 1718       402828          0               706830          153820     213480     142744     175388     945330     192912     0.000000        0.000000        0               0.000000                  0               0               0.00000000000000000000              0               0               0               0              
171        10         malloc                                              * 1718       373622          0               665598          142588     210304     116344     160556     253286     166512     0.000000        0.000000        0               0.000000                  0               0               0.00000000000000000000              0               0               0               0              
177        10         _int_malloc                                         * 1718       313492          0               572826          113896     203432     79992      137720     246414     120624     0.000000        0.000000        0               0.000000                  0               0               0.00000000000000000000              0               0               0               0              
233        1          fFreeHandle                                         * 3584       540149          0               820683          238256     125885     198073     368414     246490     383473     0.000000        0.000000        0               0.000000                  0               0               0.00000000000000000000              0               0               0               0              
157        4          free                                                * 3584       525813          0               809931          228032     125885     198073     339742     246490     383473     0.000000        0.000000        0               0.000000                  0               0               0.00000000000000000000              0               0               0               0              
228        2          _int_free                                           * 3584       472053          0               738251          205888     132413     198073     317598     253018     383473     0.000000        0.000000        0               0.000000                  0               0               0.00000000000000000000              0               0               0               0              
204        7          fMallocHandle                                       * 1866       394563          0               645647          81385      147192     95568      121058     217770     236388     0.000000        0.000000        0               0.000000                  0               0               0.00000000000000000000              0               0               0               0              
171        11         malloc                                              * 1866       362841          0               600863          75009      129164     82816      106130     178742     206532     0.000000        0.000000        0               0.000000                  0               0               0.00000000000000000000              0               0               0               0              
231        0          usps_read_partial                                   * 11         3665818         0               11940849        13577      15101735   610545     14858      200087751  708154     0.000000        0.000000        0               0.000000                  0               0               0.00000000000000000000              0               0               0               0              
236        0          ffVertcat                                           * 99         1888987         0               6279849         238992     200660     254140     308883     714825     302448     0.000000        0.000000        0               0.000000                  0               0               0.00000000000000000000              0               0               0               0              
232        0          fDeepCopy                                           * 120        1416436         0               4575137         185938     10067173   321508     228602     190565877  356596     0.000000        0.000000        0               0.000000                  0               0               0.00000000000000000000              0               0               0               0              
165        0          readFile                                            * 4          691739401       0               1229299538      1121       11965100   84555937   1864       16959429   452987251  0.000000        0.000000        0               0.000000                  0               0               0.00000000000000000000              0               0               0               0              
191        0          __isoc99_fscanf                                     * 562696     680941680       0               1202646962      4888288    493        84552149   20338341   4257657    452974393  0.000000        0.000000        0               0.000000                  0               0               0.00000000000000000000              0               0               0               0              
192        0          _IO_vfscanf                                         * 562696     647179920       0               1150878930      9197459    3376485    77799746   37766788   8759025    432717417  0.000000        0.000000        0               0.000000                  0               0               0.00000000000000000000              0               0               0               0              
207        0          __strtof_internal                                   * 562688     273075166       0               455309457       6391427    44         59792254   14758657   9003028    178732968  0.000000        0.000000        0               0.000000                  0               0               0.00000000000000000000              0               0               0               0              
208        0          ____strtof_l_internal                               * 562688     271387102       0               454746769       6391427    44         59792254   14758657   9003028    178732968  0.000000        0.000000        0               0.000000                  0               0               0.00000000000000000000              0               0               0               0              
210        0          str_to_mpn                                          * 562613     33313702        0               43889615        9946770    12343528   24512230   18948550   15781168   31506261   0.000000        0.000000        0               0.000000                  0               0               0.00000000000000000000              0               0               0               0              
212        0          round_and_return                                    * 562613     20395005        0               40157042        5951940    0          20254080   9001820    0          20816669   0.000000        0.000000        0               0.000000                  0               0               0.00000000000000000000              0               0               0               0              
213        0          __mpn_construct_float                               * 562613     6188743         0               18003616        5951928    0          2250452    9001808    0          2250452    0.000000        0.000000        0               0.000000                  0               0               0.00000000000000000000              0               0               0               0              
211        0          __mpn_lshift                                        * 701516     10522740        0               14731836        10065068   2715360    0          11224252   5612128    0          0.000000        0.000000        0               0.000000                  0               0               0.00000000000000000000              0               0               0               0              
209        0          __GI_strlen                                         * 562688     7877632         0               14629888        4500904    0          0          4501504    0          0          0.000000        0.000000        0               0.000000                  0               0               0.00000000000000000000              0               0               0               0              
214        0          memcpy                                              * 264385     4758930         0               10311015        3118936    3226296    0          3118936    3226296    0          0.000000        0.000000        0               0.000000                  0               0               0.00000000000000000000              0               0               0               0              
215        0          __mpn_mul                                           * 125482     6274100         0               6148618         2007724    1003864    6023148    2007724    1003872    7026984    0.000000        0.000000        0               0.000000                  0               0               0.00000000000000000000              0               0               0               0              
216        0          __mpn_mul_1                                         * 125482     1882230         0               2384158         15         1003856    0          1003856    1003856    0          0.000000        0.000000        0               0.000000                  0               0               0.00000000000000000000              0               0               0               0              
200        0          _IO_sputbackc                                       * 1125392    16880880        0               28134800        13504965   13504804   6752384    25307101   14630224   13504676   0.000000        0.000000        0               0.000000                  0               0               0.00000000000000000000              0               0               0               0              
203        0          fSetArray                                           * 4          3397882         0               11294171        380        2989439    834        404        4244135    8865       0.000000        0.000000        0               0.000000                  0               0               0.00000000000000000000              0               0               0               0              
240        3          polynomial                                          * 24700      156624416       98800           445171532       8311384    2228552    10474424   58109732   3497292    14720760   0.000000        0.000000        0               0.000000                  0               0               0.00000000000000000000              0               0               0               0              
241        3          fMtimes                                             * 24700      67307500        0               183471600       6015148    846120     2321400    54485444   1043720    2321400    0.000000        0.000000        0               0.000000                  0               0               0.00000000000000000000              0               0               0               0              
204        23         fMallocHandle                                       * 24700      2815800         0               4297800         3310200    750476     1037000    3310200    948076     1037000    0.000000        0.000000        0               0.000000                  0               0               0.00000000000000000000              0               0               0               0              
171        27         malloc                                              * 24700      2395900         0               3705000         3112600    741008     641800     3112600    938608     641800     0.000000        0.000000        0               0.000000                  0               0               0.00000000000000000000              0               0               0               0              
177        27         _int_malloc                                         * 24700      1531400         0               2371200         2025800    642208     543000     2025800    839808     543000     0.000000        0.000000        0               0.000000                  0               0               0.00000000000000000000              0               0               0               0              
244        3          pow                                                 * 24700      8276216         0               10130432        247016     148200     2719044    247016     148200     6076184    0.000000        0.000000        0               0.000000                  0               0               0.00000000000000000000              0               0               0               0              
245        3          __ieee754_pow                                       * 24700      6967116         0               7907432         247016     148200     1731044    247016     148200     4495384    0.000000        0.000000        0               0.000000                  0               0               0.00000000000000000000              0               0               0               0              
246        3          __exp1                                              * 24700      2173600         0               1976000         8          0          16         197600     0          790400     0.000000        0.000000        0               0.000000                  0               0               0.00000000000000000000              0               0               0               0              
233        8          fFreeHandle                                         * 49400      5162300         0               8002800         2573952    1116300    2371200    4026100    2178400    3161600    0.000000        0.000000        0               0.000000                  0               0               0.00000000000000000000              0               0               0               0              
157        14         free                                                * 49400      4964700         0               7854600         2376352    1116300    2371200    3630900    2178400    3161600    0.000000        0.000000        0               0.000000                  0               0               0.00000000000000000000              0               0               0               0              
228        12         _int_free                                           * 49400      4223700         0               6866600         1981152    1116300    2371200    3235700    2178400    3161600    0.000000        0.000000        0               0.000000                  0               0               0.00000000000000000000              0               0               0               0              
204        22         fMallocHandle                                       * 24700      4816500         0               7681700         2494720    1841840    1679580    2494724    2556428    1778376    0.000000        0.000000        0               0.000000                  0               0               0.00000000000000000000              0               0               0               0              
171        26         malloc                                              * 24700      4396600         0               7088900         2297120    1640872    1284380    2297124    2253252    1383176    0.000000        0.000000        0               0.000000                  0               0               0.00000000000000000000              0               0               0               0              
177        26         _int_malloc                                         * 24700      3532100         0               5755100         2000720    1542072    592780     2000724    2154452    691576     0.000000        0.000000        0               0.000000                  0               0               0.00000000000000000000              0               0               0               0              
251        0          fDeepCopyRange                                      * 49400      126154681       0               400620784       4036881    5538743    5199012    52616949   54522985   9753988    0.000000        0.000000        0               0.000000                  0               0               0.00000000000000000000              0               0               0               0              
204        21         fMallocHandle                                       * 49400      10608081        0               17424984        2405812    3453391    2771988    3318821    4072857    6329524    0.000000        0.000000        0               0.000000                  0               0               0.00000000000000000000              0               0               0               0              
171        25         malloc                                              * 49400      9768281         0               16239384        2109812    3239563    2671988    2923621    3468909    5539124    0.000000        0.000000        0               0.000000                  0               0               0.00000000000000000000              0               0               0               0              
177        25         _int_malloc                                         * 49400      8039281         0               13571784        1911812    3140763    2078788    2429621    3370109    4057124    0.000000        0.000000        0               0.000000                  0               0               0.00000000000000000000              0               0               0               0              
233        7          fFreeHandle                                         * 49521      10040667        0               14146454        3002387    2642814    4553654    5301867    2921779    8422612    0.000000        0.000000        0               0.000000                  0               0               0.00000000000000000000              0               0               0               0              
157        13         free                                                * 49521      9842583         0               13997891        2804691    2642814    4553654    4905699    2921779    8422612    0.000000        0.000000        0               0.000000                  0               0               0.00000000000000000000              0               0               0               0              
228        11         _int_free                                           * 49517      9099678         0               13007371        2606159    2840430    4553634    4707159    3119395    8422552    0.000000        0.000000        0               0.000000                  0               0               0.00000000000000000000              0               0               0               0              
178        8          malloc_consolidate                                  * 24712      3484526         0               3707014         1491823    2240255    1391096    1713536    2518483    3155184    0.000000        0.000000        0               0.000000                  0               0               0.00000000000000000000              0               0               0               0              
231        1          usps_read_partial                                   * 12         3697964         20              12019075        18306      2084995    539461     23069      49214305   605492     0.000000        0.000000        0               0.000000                  0               0               0.00000000000000000000              0               0               0               0              
236        1          ffVertcat                                           * 108        1897622         0               6304319         262864     203274     233264     354355     558166     275868     0.000000        0.000000        0               0.000000                  0               0               0.00000000000000000000              0               0               0               0              
232        2          fDeepCopy                                           * 131        1433425         0               4614717         228054     1475194    268880     319442     47874379   277292     0.000000        0.000000        0               0.000000                  0               0               0.00000000000000000000              0               0               0               0              


Trimming tree.....
Func num   Func Inst  Function name                                        Numcalls   Instrs          Flops           Iops            Ipcomm_uq  Opcomm_uq  Local_uq   Ipcomm     Opcomm     Local      Comp_Comm_uniq  Comp_Comm       Est. Cyc        Est. Area                 Est. Dlmr time  Est. Dlmw time  Der. metr                           ip_offload      op_offload       data-ru-ipcomm   data-ru-local

Uppertree Software Time (Cycles): 650088270.000000    
Bottom nodes Software Time (Cycles): 1507106972.000000   

230        0          getAlphaFromTrainSet                                * 1          1044582852      1877393         2916116307      9577849    396858     76954804   13583690   993459     124967656  292.539289625   200.175884873   1066949102      -3319280743.453000        35100           326500          1.00180290682378347888              1531638         388509          0               0              
207        0          __strtof_internal                                   * 562688     273075166       0               455309457       6391427    44         59792254   14758657   9003028    178732968  71.237037139    19.1614970487   293568726       970205466.965000          600             0               1.00341548755068132870              999260          6               0               0              
251        0          fDeepCopyRange                                      * 49400      126154681       0               400620784       4036881    5538743    5199012    52616949   54522985   9753988    41.8375642151   3.73922933348   129523091       -375205770.148000         0               0               1.01168653816441422855              630762          865428          0               0              
200        0          _IO_sputbackc                                       * 1125392    16880880        0               28134800        13504965   13504804   6752384    25307101   14630224   13504676   1.04165274423   0.704473822421  16884190        899226496.381000          0               0               1.33325214792470037040              2110150         2110125         0               0              
