Function name                                        Numcalls   Instrs          Flops           Iops            Ipcomm_uq  Opcomm_uq  Local_uq   Ipcomm     Opcomm     Local      Comp_Comm_uniq  Comp_Comm       Est. Cyc        Est. Area                 Est. Dlmr time  Est. Dlmw time 

139        0          main                                                * 1          20799418        264326          41382881        883        212        3123949    1142       24980      11681517   0.000000        0.000000        0               0.000000                  0               0               0.00000000000000000000              0               0               0               0              
246        0          fSelfCheck                                          * 1          11723453        36864           21183003        26354      365        1257848    30094      488        7154838    0.000000        0.000000        0               0.000000                  0               0               0.00000000000000000000              0               0               0               0              
252        0          __isoc99_fscanf                                     * 9217       11145912        0               19975282        443431     217706     1182253    598049     265754     7003919    0.000000        0.000000        0               0.000000                  0               0               0.00000000000000000000              0               0               0               0              
253        0          _IO_vfscanf                                         * 9217       10592892        0               19127318        185414     143944     1145349    634920     191984     6819583    0.000000        0.000000        0               0.000000                  0               0               0.00000000000000000000              0               0               0               0              
257        0          __strtof_internal                                   * 9216       4246884         0               7330152         119309     17         848625     266767     147465     2626472    0.000000        0.000000        0               0.000000                  0               0               0.00000000000000000000              0               0               0               0              
258        0          ____strtof_l_internal                               * 9216       4219236         0               7320936         119309     17         848625     266767     147465     2626472    0.000000        0.000000        0               0.000000                  0               0               0.00000000000000000000              0               0               0               0              
260        0          str_to_mpn                                          * 9216       668568          0               1053348         170248     221184     368628     317680     294912     516068     0.000000        0.000000        0               0.000000                  0               0               0.00000000000000000000              0               0               0               0              
262        0          round_and_return                                    * 9216       322560          0               635904          73736      0          331777     147456     0          340991     0.000000        0.000000        0               0.000000                  0               0               0.00000000000000000000              0               0               0               0              
263        0          __mpn_construct_float                               * 9216       101376          0               294912          73736      0          36864      147456     0          36864      0.000000        0.000000        0               0.000000                  0               0               0.00000000000000000000              0               0               0               0              
259        0          __GI_strlen                                         * 9216       129024          0               239616          73728      0          0          73728      0          0          0.000000        0.000000        0               0.000000                  0               0               0.00000000000000000000              0               0               0               0              
261        0          __mpn_lshift                                        * 9216       138240          0               193536          147456     8          0          147456     73728      0          0.000000        0.000000        0               0.000000                  0               0               0.00000000000000000000              0               0               0               0              
256        0          _IO_sputbackc                                       * 18432      276480          0               460800          221512     276768     110616     442472     313824     221080     0.000000        0.000000        0               0.000000                  0               0               0.00000000000000000000              0               0               0               0              
254        0          __uflow                                             * 25         2865            0               4387            1813       688        1341       2857       1060703    1581       0.000000        0.000000        0               0.000000                  0               0               0.00000000000000000000              0               0               0               0              
249        0          feof                                                * 9218       322630          0               709786          331848     147488     73744      442464     147488     73744      0.000000        0.000000        0               0.000000                  0               0               0.00000000000000000000              0               0               0               0              
120        5          _dl_runtime_resolve                                 * 4          3680            0               5988            237        97         762        353        147579     2235       0.000000        0.000000        0               0.000000                  0               0               0.00000000000000000000              0               0               0               0              
121        5          _dl_fixup                                           * 4          3596            0               5916            213        97         594        321        147579     2011       0.000000        0.000000        0               0.000000                  0               0               0.00000000000000000000              0               0               0               0              
71         6          _dl_lookup_symbol_x                                 * 4          3276            0               5400            249        69         514        425        71         1863       0.000000        0.000000        0               0.000000                  0               0               0.00000000000000000000              0               0               0               0              
72         6          do_lookup_x                                         * 4          2665            0               4565            166        51         350        323        83         1429       0.000000        0.000000        0               0.000000                  0               0               0.00000000000000000000              0               0               0               0              
232        0          create_texture                                      * 1          8503974         222342          19092942        213473     25915      1859196    653568     29557      4169124    0.000000        0.000000        0               0.000000                  0               0               0.00000000000000000000              0               0               0               0              
239        0          create_candidates                                   * 9120       3018680         3988            7518069         249424     99434      373922     1248690    259182     1136814    0.000000        0.000000        0               0.000000                  0               0               0.00000000000000000000              0               0               0               0              
236        1          drand48                                             * 3988       263208          0               414752          16         6          23946      39886      6          119634     0.000000        0.000000        0               0.000000                  0               0               0.00000000000000000000              0               0               0               0              
237        1          erand48_r                                           * 3988       231304          0               382848          16         14         23946      39886      31910      119634     0.000000        0.000000        0               0.000000                  0               0               0.00000000000000000000              0               0               0               0              
238        1          __drand48_iterate                                   * 3988       87736           0               147556          16         23934      23922      39886      23934      23922      0.000000        0.000000        0               0.000000                  0               0               0.00000000000000000000              0               0               0               0              
240        0          compare_neighb                                      * 10665      1429110         85320           3188835         606696     0          661883     1100088    0          895860     0.000000        0.000000        0               0.000000                  0               0               0.00000000000000000000              0               0               0               0              
233        0          init                                                * 1          1771041         36864           3164431         4553       383559     114520     4596       1036427    771448     0.000000        0.000000        0               0.000000                  0               0               0.00000000000000000000              0               0               0               0              
236        0          drand48                                             * 18432      1216517         0               1916927         16         10         110612     147456     8190       589816     0.000000        0.000000        0               0.000000                  0               0               0.00000000000000000000              0               0               0               0              
237        0          erand48_r                                           * 18432      1069061         0               1769471         8          18         110612     147456     155646     589816     0.000000        0.000000        0               0.000000                  0               0               0.00000000000000000000              0               0               0               0              
238        0          __drand48_iterate                                   * 18432      405509          0               681983          8          110602     110588     147456     118782     147448     0.000000        0.000000        0               0.000000                  0               0               0.00000000000000000000              0               0               0               0              
241        0          compare_rest                                        * 10665      1247805         85320           2986200         564132     0          639900     934640     0          767880     0.000000        0.000000        0               0.000000                  0               0               0.00000000000000000000              0               0               0               0              
243        0          compare_full_neighb                                 * 597        170985          10746           466455          15988      0          10556      152124     0          76416      0.000000        0.000000        0               0.000000                  0               0               0.00000000000000000000              0               0               0               0              
242        0          create_all_candidates                               * 192        107507          104             285245          12764      3844       15039      49430      7328       35346      0.000000        0.000000        0               0.000000                  0               0               0.00000000000000000000              0               0               0               0              
236        2          drand48                                             * 104        6864            0               10816           16         0          642        1046       0          3114       0.000000        0.000000        0               0.000000                  0               0               0.00000000000000000000              0               0               0               0              
237        2          erand48_r                                           * 104        6032            0               9984            16         8          642        1046       832        3114       0.000000        0.000000        0               0.000000                  0               0               0.00000000000000000000              0               0               0               0              
153        0          parse_flags                                         * 1          377615          0               555614          456        209639     3563       679        674470     352233     0.000000        0.000000        0               0.000000                  0               0               0.00000000000000000000              0               0               0               0              
167        0          readImage                                           * 1          366649          0               527462          286        272        1817       414        24964      348770     0.000000        0.000000        0               0.000000                  0               0               0.00000000000000000000              0               0               0               0              
182        0          fread                                               * 3088       333726          0               482033          121        147        256        61671      5436       345856     0.000000        0.000000        0               0.000000                  0               0               0.00000000000000000000              0               0               0               0              
183        0          _IO_sgetn                                           * 3088       160798          0               222641          85         117        160        49349      5466       172960     0.000000        0.000000        0               0.000000                  0               0               0.00000000000000000000              0               0               0               0              
184        0          _IO_file_xsgetn                                     * 3088       151534          0               216465          85         117        160        49349      5466       172960     0.000000        0.000000        0               0.000000                  0               0               0.00000000000000000000              0               0               0               0              
196        0          memcpy                                              * 3088       55589           0               126608          16         57         0          24704      5314       0          0.000000        0.000000        0               0.000000                  0               0               0.00000000000000000000              0               0               0               0              
120        3          _dl_runtime_resolve                                 * 4          3623            0               5898            248        64         873        368        24752      2212       0.000000        0.000000        0               0.000000                  0               0               0.00000000000000000000              0               0               0               0              
121        3          _dl_fixup                                           * 4          3539            0               5826            212        64         661        332        24752      1992       0.000000        0.000000        0               0.000000                  0               0               0.00000000000000000000              0               0               0               0              
71         4          _dl_lookup_symbol_x                                 * 4          3219            0               5310            260        68         545        428        68         1836       0.000000        0.000000        0               0.000000                  0               0               0.00000000000000000000              0               0               0               0              
72         4          do_lookup_x                                         * 4          2662            0               4553            103        40         349        320        60         1420       0.000000        0.000000        0               0.000000                  0               0               0.00000000000000000000              0               0               0               0              
230        0          init_params                                         * 1          112156          0               391328          8          4192       0          8          4236       0          0.000000        0.000000        0               0.000000                  0               0               0.00000000000000000000              0               0               0               0              
142        0          malloc                                              * 1          61124           0               112376          85         436        325        85         546        425        0.000000        0.000000        0               0.000000                  0               0               0.00000000000000000000              0               0               0               0              
143        0          malloc_hook_ini                                     * 1          61109           0               112365          77         436        301        77         546        401        0.000000        0.000000        0               0.000000                  0               0               0.00000000000000000000              0               0               0               0              
144        0          ptmalloc_init                                       * 1          60041           0               110999          69         64         104        69         64         112        0.000000        0.000000        0               0.000000                  0               0               0.00000000000000000000              0               0               0               0              
146        0          _dl_addr                                            * 1          59450           0               110017          57         56         64         57         56         72         0.000000        0.000000        0               0.000000                  0               0               0.00000000000000000000              0               0               0               0              
229        0          fiDeepCopy                                          * 1          12849           5120            34747           109        72         80         109        96         84         0.000000        0.000000        0               0.000000                  0               0               0.00000000000000000000              0               0               0               0              
276        0          exit                                                * 1          2993            0               4726            382        0          1240       414        0          1758       0.000000        0.000000        0               0.000000                  0               0               0.00000000000000000000              0               0               0               0              
277        0          _dl_fini                                            * 1          2678            0               4251            290        0          1080       318        0          1598       0.000000        0.000000        0               0.000000                  0               0               0.00000000000000000000              0               0               0               0              


Trimming tree.....
Node under main has inclusive communication costs as zero!
Node under main has inclusive communication costs as zero!
Func num   Func Inst  Function name                                        Numcalls   Instrs          Flops           Iops            Ipcomm_uq  Opcomm_uq  Local_uq   Ipcomm     Opcomm     Local      Comp_Comm_uniq  Comp_Comm       Est. Cyc        Est. Area                 Est. Dlmr time  Est. Dlmw time  Der. metr                           ip_offload      op_offload       data-ru-ipcomm   data-ru-local

Uppertree Software Time (Cycles): 11899585.000000     
Bottom nodes Software Time (Cycles): 14055103.000000     

257        0          __strtof_internal                                   * 9216       4246884         0               7330152         119309     17         848625     266767     147465     2626472    61.4296297538   17.6957646922   4522134         13098049.467000           100             0               1.00416235110919016549              18742           2               0               0              
243        0          compare_full_neighb                                 * 597        170985          10746           466455          15988      0          10556      152124     0          76416      29.8474480861   3.13692119587   181605          46726.708000              0               0               1.01394767788785333806              2498            0               0               0              
182        0          fread                                               * 3088       333726          0               482033          121        147        256        61671      5436       345856     1798.63059701   7.18305094849   343736          -698608.192000            5100            0               1.01518595457023952378              5118            22              0               0              
239        0          create_candidates                                   * 9120       3018680         3988            7518069         249424     99434      373922     1248690    259182     1136814    21.5619449747   4.98852488805   3225970         5785377.200000            0               0               1.01718736682374788494              38972           15536           0               0              
242        0          create_all_candidates                               * 192        107507          104             285245          12764      3844       15039      49430      7328       35346      17.1814185934   5.02746749357   127777          570891.199000             0               0               1.02072981738588608458              1994            600             0               0              
240        0          compare_neighb                                      * 10665      1429110         85320           3188835         606696     0          661883     1100088    0          895860     5.39669785197   2.97626644414   1430970         29629781.483000           0               0               1.07094605024234312829              94796           0               0               0              
241        0          compare_rest                                        * 10665      1247805         85320           2986200         564132     0          639900     934640     0          767880     5.44468315926   3.28631344689   1254415         28205803.264000           0               0               1.07557913025024776132              88145           0               0               0              
233        0          init                                                * 1          1771041         36864           3164431         4553       383559     114520     4596       1036427    771448     8.2483793338    3.07514339261   1913891         8115360.964000            300             115200          1.10136248139474735019              1011            175131          0               0              
254        0          __uflow                                             * 25         2865            0               4387            1813       688        1341       2857       1060703    1581       1.75409836066   0.00412482605589 3815            340953.974000             100             0               1.14763807285546426407              383             107             0               0              
249        0          feof                                                * 9218       322630          0               709786          331848     147488     73744      442464     147488     73744      1.48076923077   1.203125        323030          14475066.880000           0               0               1.30183822232969115262              51851           23045           0               0              
256        0          _IO_sputbackc                                       * 18432      276480          0               460800          221512     276768     110616     442472     313824     221080     0.924781247491  0.609285253393  276760          16546368.192000           0               0               1.39142675791683156916              34611           43245           0               0              
229        0          fiDeepCopy                                          * 1          12849           5120            34747           109        72         80         109        96         84         220.259668508   194.473170732   20769           169443.637000             0               6400            1.44825377040463898481              17              6411            0               0              
230        0          init_params                                         * 1          112156          0               391328          8          4192       0          8          4236       0          93.1733333333   92.2073515551   241446          -415066.040000            0               115000          1.91944097193928753242              1               115655          0               0              
146        0          _dl_addr                                            * 1          59450           0               110017          57         56         64         57         56         72         973.601769912   973.601769912   172870          28171.369000              83200           0               1.92822622107969143812              83208           8               0               0              
