Function name                                        Numcalls   Instrs          Flops           Iops            Ipcomm_uq  Opcomm_uq  Local_uq   Ipcomm     Opcomm     Local      Comp_Comm_uniq  Comp_Comm       Est. Cyc        Est. Area                 Est. Dlmr time  Est. Dlmw time 

136        0          main                                                * 1          8420606         149928          17799355        578        481        415793     737        187496     4846572    0.000000        0.000000        0               0.000000                  0               0               0.00000000000000000000              0               0               0               0              
215        0          getDisparity                                        * 1          2985762         149928          8866948         704        16036      201584     1016       93990      412058     0.000000        0.000000        0               0.000000                  0               0               0.00000000000000000000              0               0               0               0              
220        0          correlateSAD_2D                                     * 8          2258844         70528           6546750         99744      228335     180246     139084     265665     389077     0.000000        0.000000        0               0.000000                  0               0               0.00000000000000000000              0               0               0               0              
223        0          integralImage2D2D                                   * 8          673712          0               1940432         137432     184926     138088     185796     558357     334872     0.000000        0.000000        0               0.000000                  0               0               0.00000000000000000000              0               0               0               0              
224        0          finalSAD                                            * 8          633248          0               1735840         136928     231176     512        500088     233865     11904      0.000000        0.000000        0               0.000000                  0               0               0.00000000000000000000              0               0               0               0              
222        0          computeSAD                                          * 8          499376          70528           1632952         273460     139128     732        277224     175985     732        0.000000        0.000000        0               0.000000                  0               0               0.00000000000000000000              0               0               0               0              
221        0          padarray4                                           * 8          308480          0               1021552         94536      69052      39372      98304      71069      39372      0.000000        0.000000        0               0.000000                  0               0               0.00000000000000000000              0               0               0               0              
225        0          iFreeHandle                                         * 8          1546            0               2423            460        201        750        588        356        965        0.000000        0.000000        0               0.000000                  0               0               0.00000000000000000000              0               0               0               0              
228        0          findDisparity                                       * 8          469380          79400           1458112         212596     55452      20056      251396     87804      20056      0.000000        0.000000        0               0.000000                  0               0               0.00000000000000000000              0               0               0               0              
219        0          padarray2                                           * 2          125727          0               423987          133        32601      192        166        40993      716        0.000000        0.000000        0               0.000000                  0               0               0.00000000000000000000              0               0               0               0              
218        1          iSetArray                                           * 2          54401           0               187829          125        1401       144        158        2137       248        0.000000        0.000000        0               0.000000                  0               0               0.00000000000000000000              0               0               0               0              
216        0          fSetArray                                           * 3          78429           0               258004          206        292        204        251        15612      328        0.000000        0.000000        0               0.000000                  0               0               0.00000000000000000000              0               0               0               0              
218        0          iSetArray                                           * 3          51474           0               177230          218        11488      220        510        12132      332        0.000000        0.000000        0               0.000000                  0               0               0.00000000000000000000              0               0               0               0              
241        0          selfCheck                                           * 1          2624627         0               4870283         16186      325        208168     94120      435        1808811    0.000000        0.000000        0               0.000000                  0               0               0.00000000000000000000              0               0               0               0              
247        0          __isoc99_fscanf                                     * 3889       2347097         0               4196982         186997     93348      175357     311445     124415     1774854    0.000000        0.000000        0               0.000000                  0               0               0.00000000000000000000              0               0               0               0              
248        0          _IO_vfscanf                                         * 3889       2113757         0               3839194         78141      62210      159788     326981     93269      1697078    0.000000        0.000000        0               0.000000                  0               0               0.00000000000000000000              0               0               0               0              
252        0          __strtol_internal                                   * 3888       432716          0               746339          34997      8          31156      38884      31104      279932     0.000000        0.000000        0               0.000000                  0               0               0.00000000000000000000              0               0               0               0              
253        0          ____strtol_l_internal                               * 3888       421052          0               742451          34997      8          31156      38884      31104      279932     0.000000        0.000000        0               0.000000                  0               0               0.00000000000000000000              0               0               0               0              
251        0          _IO_sputbackc                                       * 7776       116640          0               194400          93332      116652     46664      186628     132212     93308      0.000000        0.000000        0               0.000000                  0               0               0.00000000000000000000              0               0               0               0              
244        0          feof                                                * 3890       136150          0               299530          140040     62240      31120      186720     62240      31120      0.000000        0.000000        0               0.000000                  0               0               0.00000000000000000000              0               0               0               0              
117        5          _dl_runtime_resolve                                 * 3          2802            0               4559            230        51         617        334        62251      1653       0.000000        0.000000        0               0.000000                  0               0               0.00000000000000000000              0               0               0               0              
118        5          _dl_fixup                                           * 3          2739            0               4505            214        51         505        310        62251      1485       0.000000        0.000000        0               0.000000                  0               0               0.00000000000000000000              0               0               0               0              
68         6          _dl_lookup_symbol_x                                 * 3          2499            0               4118            230        55         449        378        55         1377       0.000000        0.000000        0               0.000000                  0               0               0.00000000000000000000              0               0               0               0              
69         6          do_lookup_x                                         * 3          2016            0               3456            159        23         285        273        39         1051       0.000000        0.000000        0               0.000000                  0               0               0.00000000000000000000              0               0               0               0              
150        0          readImage                                           * 2          2802117         0               4049768         414        904        3450       529        188128     2620784    0.000000        0.000000        0               0.000000                  0               0               0.00000000000000000000              0               0               0               0              
176        0          fread                                               * 23360      2523324         0               3644770         415        237        528        840915     39712      2616352    0.000000        0.000000        0               0.000000                  0               0               0.00000000000000000000              0               0               0               0              
177        0          _IO_sgetn                                           * 23360      1215164         0               1682530         327        177        336        467215     39772      1308256    0.000000        0.000000        0               0.000000                  0               0               0.00000000000000000000              0               0               0               0              
178        0          _IO_file_xsgetn                                     * 23360      1145084         0               1635810         303        177        336        373775     39772      1308256    0.000000        0.000000        0               0.000000                  0               0               0.00000000000000000000              0               0               0               0              
190        0          memcpy                                              * 23360      420490          0               957760          32         57         0          186880     39468      0          0.000000        0.000000        0               0.000000                  0               0               0.00000000000000000000              0               0               0               0              
153        0          fopen@@GLIBC_2.2.5                                  * 2          61656           0               112997          231        1068       699        231        375045     803        0.000000        0.000000        0               0.000000                  0               0               0.00000000000000000000              0               0               0               0              
154        0          __fopen_internal                                    * 2          61652           0               112997          231        1068       699        231        375045     803        0.000000        0.000000        0               0.000000                  0               0               0.00000000000000000000              0               0               0               0              
156        0          malloc                                              * 2          61028           0               112117          179        724        359        179        925        459        0.000000        0.000000        0               0.000000                  0               0               0.00000000000000000000              0               0               0               0              
157        0          malloc_hook_ini                                     * 1          60874           0               111908          119        656        267        119        841        367        0.000000        0.000000        0               0.000000                  0               0               0.00000000000000000000              0               0               0               0              
158        0          ptmalloc_init                                       * 1          59813           0               110564          79         48         102        79         52         110        0.000000        0.000000        0               0.000000                  0               0               0.00000000000000000000              0               0               0               0              
160        0          _dl_addr                                            * 1          59450           0               110017          67         40         62         67         44         70         0.000000        0.000000        0               0.000000                  0               0               0.00000000000000000000              0               0               0               0              
117        2          _dl_runtime_resolve                                 * 4          3623            0               5898            297        108        1006       388        186972     2168       0.000000        0.000000        0               0.000000                  0               0               0.00000000000000000000              0               0               0               0              
118        2          _dl_fixup                                           * 4          3539            0               5826            265        108        790        356        186972     1944       0.000000        0.000000        0               0.000000                  0               0               0.00000000000000000000              0               0               0               0              
68         3          _dl_lookup_symbol_x                                 * 4          3219            0               5310            309        84         670        448        84         1792       0.000000        0.000000        0               0.000000                  0               0               0.00000000000000000000              0               0               0               0              
69         3          do_lookup_x                                         * 4          2662            0               4553            184        40         433        357        60         1359       0.000000        0.000000        0               0.000000                  0               0               0.00000000000000000000              0               0               0               0              
191        0          iMallocHandle                                       * 2          1332            0               2111            179        300        573        207        440        752        0.000000        0.000000        0               0.000000                  0               0               0.00000000000000000000              0               0               0               0              
233        0          printf                                              * 1          2153            0               3329            109        267        595        109        322        1479       0.000000        0.000000        0               0.000000                  0               0               0.00000000000000000000              0               0               0               0              
145        1          vfprintf                                            * 1          2128            0               3308            133        207        595        153        242        1479       0.000000        0.000000        0               0.000000                  0               0               0.00000000000000000000              0               0               0               0              
234        0          _IO_file_xsputn@@GLIBC_2.2.5                        * 5          1453            0               2131            123        128        396        129        160        931        0.000000        0.000000        0               0.000000                  0               0               0.00000000000000000000              0               0               0               0              
117        1          _dl_runtime_resolve                                 * 2          1868            0               3045            283        104        655        315        104        1058       0.000000        0.000000        0               0.000000                  0               0               0.00000000000000000000              0               0               0               0              
118        1          _dl_fixup                                           * 2          1826            0               3009            263        104        543        295        104        946        0.000000        0.000000        0               0.000000                  0               0               0.00000000000000000000              0               0               0               0              
68         2          _dl_lookup_symbol_x                                 * 2          1666            0               2751            251        88         479        291        88         882        0.000000        0.000000        0               0.000000                  0               0               0.00000000000000000000              0               0               0               0              
69         2          do_lookup_x                                         * 2          1365            0               2340            189        40         315        189        40         678        0.000000        0.000000        0               0.000000                  0               0               0.00000000000000000000              0               0               0               0              


Trimming tree.....
Func num   Func Inst  Function name                                        Numcalls   Instrs          Flops           Iops            Ipcomm_uq  Opcomm_uq  Local_uq   Ipcomm     Opcomm     Local      Comp_Comm_uniq  Comp_Comm       Est. Cyc        Est. Area                 Est. Dlmr time  Est. Dlmw time  Der. metr                           ip_offload      op_offload       data-ru-ipcomm   data-ru-local

Uppertree Software Time (Cycles): 1570246.000000      
Bottom nodes Software Time (Cycles): 8370926.000000      

176        0          fread                                               * 23360      2523324         0               3644770         415        237        528        840915     39712      2616352    5590.13803681   4.13883517085   2549504         -6942277.740000           18700           0               1.00742950931058317110              18764           37              0               0              
248        0          _IO_vfscanf                                         * 3889       2113757         0               3839194         78141      62210      159788     326981     93269      1697078    27.354233315    9.13550029744   2133887         1126426.383000            1200            0               1.01095807903884726819              13409           9720            0               0              
220        0          correlateSAD_2D                                     * 8          2258844         70528           6546750         99744      228335     180246     139084     265665     389077     20.1697700859   16.3490904239   2485624         1512695.585000            0               24200           1.03131007563509768943              15585           59877           0               0              
228        0          findDisparity                                       * 8          469380          79400           1458112         212596     55452      20056      251396     87804      20056      5.73595773891   4.53275943396   519870          5343443.048000            0               0               1.08762258427260127824              33218           8664            0               0              
244        0          feof                                                * 3890       136150          0               299530          140040     62240      31120      186720     62240      31120      1.48076923077   1.203125        136550          6247782.400000            0               0               1.30117324757310459660              21881           9725            0               0              
219        0          padarray2                                           * 2          125727          0               423987          133        32601      192        166        40993      716        12.9524958758   10.3011977939   194467          332554.242000             0               55100           1.44851881043017405304              20              60193           0               0              
216        0          fSetArray                                           * 3          78429           0               258004          206        292        204        251        15612      328        518.080321285   16.2645149089   168619          -249997.466000            0               79500           1.89371912857743507352              32              79545           0               0              
160        0          _dl_addr                                            * 1          59450           0               110017          67         40         62         67         44         70         1028.19626168   991.144144144   172400          27945.153000              82700           0               1.92232038789281034497              82710           6               0               0              
