Function name                                        Numcalls   Instrs          Flops           Iops            Ipcomm_uq  Opcomm_uq  Local_uq   Ipcomm     Opcomm     Local      Comp_Comm_uniq  Comp_Comm       Est. Cyc        Est. Area                 Est. Dlmr time  Est. Dlmw time 

139        0          main                                                * 1          199127272       2564424         396971221       843        212        30544279   1170       22004      109784595  0.000000        0.000000        0               0.000000                  0               0               0.00000000000000000000              0               0               0               0              
246        0          fSelfCheck                                          * 1          114082141       360000          206226993       2259487    376        12143270   2482147    498        69593606   0.000000        0.000000        0               0.000000                  0               0               0.00000000000000000000              0               0               0               0              
252        0          __isoc99_fscanf                                     * 90001      108496017       0               194517432       3601735    1827893    11421459   3606337    2243492    68150203   0.000000        0.000000        0               0.000000                  0               0               0.00000000000000000000              0               0               0               0              
253        0          _IO_vfscanf                                         * 90001      103095957       0               186237340       1801984    1107859    11061213   5406570    1523450    66350187   0.000000        0.000000        0               0.000000                  0               0               0.00000000000000000000              0               0               0               0              
257        0          __strtof_internal                                   * 90000      41181309        0               71134050        1157751    17         8166049    2600625    1440009    25407228   0.000000        0.000000        0               0.000000                  0               0               0.00000000000000000000              0               0               0               0              
258        0          ____strtof_l_internal                               * 90000      40911309        0               71044050        1157751    17         8166049    2600625    1440009    25407228   0.000000        0.000000        0               0.000000                  0               0               0.00000000000000000000              0               0               0               0              
260        0          str_to_mpn                                          * 88564      6428982         0               10133497        1635901    2125536    3542548    3052901    2834048    4959556    0.000000        0.000000        0               0.000000                  0               0               0.00000000000000000000              0               0               0               0              
262        0          round_and_return                                    * 88564      3099740         0               6110916         708520     0          3188305    1417024    0          3276867    0.000000        0.000000        0               0.000000                  0               0               0.00000000000000000000              0               0               0               0              
263        0          __mpn_construct_float                               * 88564      974204          0               2834048         708520     0          354256     1417024    0          354256     0.000000        0.000000        0               0.000000                  0               0               0.00000000000000000000              0               0               0               0              
259        0          __GI_strlen                                         * 90000      1260000         0               2340000         708512     0          0          720000     0          0          0.000000        0.000000        0               0.000000                  0               0               0.00000000000000000000              0               0               0               0              
261        0          __mpn_lshift                                        * 88564      1328460         0               1859844         1417024    8          0          1417024    708512     0          0.000000        0.000000        0               0.000000                  0               0               0.00000000000000000000              0               0               0               0              
256        0          _IO_sputbackc                                       * 180000     2700000         0               4500000         2163678    2702760    1080192    4315350    3064600    2159072    0.000000        0.000000        0               0.000000                  0               0               0.00000000000000000000              0               0               0               0              
249        0          feof                                                * 90002      3150070         0               6930154         3240072    1440032    720016     3600080    1440032    720016     0.000000        0.000000        0               0.000000                  0               0               0.00000000000000000000              0               0               0               0              
232        0          create_texture                                      * 1          83535062        2199924         186262108       2128364    95676      18394382   6452291    318232     39875572   0.000000        0.000000        0               0.000000                  0               0               0.00000000000000000000              0               0               0               0              
239        0          create_candidates                                   * 89700      30310792        47446           74847133        913376     989582     3827369    6307958    2643030    11505106   0.000000        0.000000        0               0.000000                  0               0               0.00000000000000000000              0               0               0               0              
236        1          drand48                                             * 47446      3131436         0               4934384         16         6          284694     474466     6          1423374    0.000000        0.000000        0               0.000000                  0               0               0.00000000000000000000              0               0               0               0              
237        1          erand48_r                                           * 47446      2751868         0               4554816         16         14         284694     474466     379574     1423374    0.000000        0.000000        0               0.000000                  0               0               0.00000000000000000000              0               0               0               0              
238        1          __drand48_iterate                                   * 47446      1043812         0               1755502         16         284682     284670     474466     284682     284670     0.000000        0.000000        0               0.000000                  0               0               0.00000000000000000000              0               0               0               0              
240        0          compare_neighb                                      * 109849     14719766        878792          32844851        2724327    0          6814898    4529695    0          9227316    0.000000        0.000000        0               0.000000                  0               0               0.00000000000000000000              0               0               0               0              
241        0          compare_rest                                        * 109849     12852333        878792          30757720        2695732    0          6590940    4009524    0          7909128    0.000000        0.000000        0               0.000000                  0               0               0.00000000000000000000              0               0               0               0              
233        0          init                                                * 1          17282793        360000          30877015        317        4538       1080332    380        511018     6840424    0.000000        0.000000        0               0.000000                  0               0               0.00000000000000000000              0               0               0               0              
236        0          drand48                                             * 180000     11880005        0               18719999        16         10         1080020    1440000    95494      5759992    0.000000        0.000000        0               0.000000                  0               0               0.00000000000000000000              0               0               0               0              
237        0          erand48_r                                           * 180000     10440005        0               17279999        8          18         1080020    1440000    1535494    5759992    0.000000        0.000000        0               0.000000                  0               0               0.00000000000000000000              0               0               0               0              
238        0          __drand48_iterate                                   * 180000     3960005         0               6659999         8          1080010    1079996    1440000    1175494    1439992    0.000000        0.000000        0               0.000000                  0               0               0.00000000000000000000              0               0               0               0              
243        0          compare_full_neighb                                 * 1922       550418          34596           1501466         14092      0          33242      115140     0          246016     0.000000        0.000000        0               0.000000                  0               0               0.00000000000000000000              0               0               0               0              
242        0          create_all_candidates                               * 600        336696          298             898647          16552      12368      47417      67802      23944      111266     0.000000        0.000000        0               0.000000                  0               0               0.00000000000000000000              0               0               0               0              
230        0          init_params                                         * 1          1084828         0               3793232         8          2166101    0          8          2180499    0          0.000000        0.000000        0               0.000000                  0               0               0.00000000000000000000              0               0               0               0              
153        0          parse_flags                                         * 1          345114          0               533922          421        2126056    3551       647        6457350    310593     0.000000        0.000000        0               0.000000                  0               0               0.00000000000000000000              0               0               0               0              
167        0          readImage                                           * 1          323111          0               464930          286        272        1817       414        22045      307106     0.000000        0.000000        0               0.000000                  0               0               0.00000000000000000000              0               0               0               0              
182        0          fread                                               * 2716       293550          0               424001          121        147        256        54231      4808       304192     0.000000        0.000000        0               0.000000                  0               0               0.00000000000000000000              0               0               0               0              
183        0          _IO_sgetn                                           * 2716       141454          0               195857          85         117        160        43397      4838       152128     0.000000        0.000000        0               0.000000                  0               0               0.00000000000000000000              0               0               0               0              
184        0          _IO_file_xsgetn                                     * 2716       133306          0               190425          85         117        160        43397      4838       152128     0.000000        0.000000        0               0.000000                  0               0               0.00000000000000000000              0               0               0               0              
196        0          memcpy                                              * 2716       48893           0               111356          16         57         0          21728      4686       0          0.000000        0.000000        0               0.000000                  0               0               0.00000000000000000000              0               0               0               0              
142        0          malloc                                              * 1          61124           0               112376          85         432        325        85         561        425        0.000000        0.000000        0               0.000000                  0               0               0.00000000000000000000              0               0               0               0              
143        0          malloc_hook_ini                                     * 1          61109           0               112365          77         432        301        77         561        401        0.000000        0.000000        0               0.000000                  0               0               0.00000000000000000000              0               0               0               0              
144        0          ptmalloc_init                                       * 1          60041           0               110999          69         64         104        69         64         112        0.000000        0.000000        0               0.000000                  0               0               0.00000000000000000000              0               0               0               0              
146        0          _dl_addr                                            * 1          59450           0               110017          57         56         64         57         56         72         0.000000        0.000000        0               0.000000                  0               0               0.00000000000000000000              0               0               0               0              


Trimming tree.....
Node under main has inclusive communication costs as zero!
Node under main has inclusive communication costs as zero!
Func num   Func Inst  Function name                                        Numcalls   Instrs          Flops           Iops            Ipcomm_uq  Opcomm_uq  Local_uq   Ipcomm     Opcomm     Local      Comp_Comm_uniq  Comp_Comm       Est. Cyc        Est. Area                 Est. Dlmr time  Est. Dlmw time  Der. metr                           ip_offload      op_offload       data-ru-ipcomm   data-ru-local

Uppertree Software Time (Cycles): 112857198.000000    
Bottom nodes Software Time (Cycles): 132272285.000000    

243        0          compare_full_neighb                                 * 1922       550418          34596           1501466         14092      0          33242      115140     0          246016     109.002412716   13.3408198715   592818          -1461939.242000           0               0               1.00372809834814447072              2201            0               0               0              
257        0          __strtof_internal                                   * 90000      41181309        0               71134050        1157751    17         8166049    2600625    1440009    25407228   61.4406772341   17.6046754049   43848949        123045154.309000          100             0               1.00414494519037700293              180998          2               0               0              
239        0          create_candidates                                   * 89700      30310792        47446           74847133        913376     989582     3827369    6307958    2643030    11505106   39.3569269527   8.36718572296   32438252        13986190.159000           0               0               1.00925104930069897691              142715          154622          0               0              
242        0          create_all_candidates                               * 600        336696          298             898647          16552      12368      47417      67802      23944      111266     31.0838520055   9.79819283674   401006          619670.249000             0               0               1.01139696169296744443              2586            1932            0               0              
182        0          fread                                               * 2716       293550          0               424001          121        147        256        54231      4808       304192     1582.09328358   7.18171039482   303010          -583704.832000            4600            0               1.01555754321947100394              4618            22              0               0              
240        0          compare_neighb                                      * 109849     14719766        878792          32844851        2724327    0          6814898    4529695    0          9227316    12.378706007    7.44501406828   14723786        203208852.185000          0               0               1.02977149403250334281              425676          0               0               0              
241        0          compare_rest                                        * 109849     12852333        878792          30757720        2695732    0          6590940    4009524    0          7909128    11.7357778889   7.89034109785   12909483        200199930.384000          0               0               1.03372828747093059576              421208          0               0               0              
233        0          init                                                * 1          17282793        360000          30877015        317        4538       1080332    380        511018     6840424    6433.98867147   61.0816135378   18639413        -30922456.901000          300             1125000         1.06429713963580518943              349             1125709         0               0              
249        0          feof                                                * 90002      3150070         0               6930154         3240072    1440032    720016     3600080    1440032    720016     1.48076923077   1.375           3150470         139218488.320000          0               0               1.30227559377749813052              506261          225005          0               0              
256        0          _IO_sputbackc                                       * 180000     2700000         0               4500000         2163678    2702760    1080192    4315350    3064600    2159072    0.924700982526  0.609760228728  2700280         159483856.510000          0               0               1.39196933087852348088              338074          422306          0               0              
146        0          _dl_addr                                            * 1          59450           0               110017          57         56         64         57         56         72         973.601769912   973.601769912   172870          28171.369000              83200           0               1.92822622107969143812              83208           8               0               0              
230        0          init_params                                         * 1          1084828         0               3793232         8          2166101    0          8          2180499    0          1.75117318658   1.73961009985   2329168         53981464.833000           0               1125000         2.69046062476430636323              1               1463453         0               0              
