Function name                                        Numcalls   Instrs          Flops           Iops            Ipcomm_uq  Opcomm_uq  Local_uq   Ipcomm     Opcomm     Local      Comp_Comm_uniq  Comp_Comm       Est. Cyc        Est. Area                 Est. Dlmr time  Est. Dlmw time 

427        0          main                                                * 1          11504139        8106            17891706        4499       5098       2301320    10752      5328       6322588    0.000000        0.000000        0               0.000000                  0               0               0.00000000000000000000              0               0               0               0              
500        0          iAuction::MainAlgo()                                * 1          10755985        0               16471780        167528     22600      2282754    1357880    42225      5938136    0.000000        0.000000        0               0.000000                  0               0               0.00000000000000000000              0               0               0               0              
544        0          iAuction::MainStage(unsigned_int)                   * 32         10397679        0               15775880        232026     24516      2203698    2769114    44339      5798895    0.000000        0.000000        0               0.000000                  0               0               0.00000000000000000000              0               0               0               0              
547        0          iAuction::MakeHeap(unsigned_int)                    * 535        6424530         0               9062158         445370     394427     1550842    2894161    1207517    3628498    0.000000        0.000000        0               0.000000                  0               0               0.00000000000000000000              0               0               0               0              
471        13         malloc                                              * 4280       1294758         0               2327585         329025     295691     227893     456557     410524     756254     0.000000        0.000000        0               0.000000                  0               0               0.00000000000000000000              0               0               0               0              
480        12         _int_malloc                                         * 4280       1119278         0               2032265         284721     319611     159413     411989     434444     662102     0.000000        0.000000        0               0.000000                  0               0               0.00000000000000000000              0               0               0               0              
481        1          malloc_consolidate                                  * 535        140107          0               178682          88453      98992      40412      122404     147606     126505     0.000000        0.000000        0               0.000000                  0               0               0.00000000000000000000              0               0               0               0              
554        0          free                                                * 3745       415872          0               701963          283707     167312     193955     374644     198701     259712     0.000000        0.000000        0               0.000000                  0               0               0.00000000000000000000              0               0               0               0              
555        0          _int_free                                           * 3745       359697          0               627063          260131     173696     193955     351068     205085     259712     0.000000        0.000000        0               0.000000                  0               0               0.00000000000000000000              0               0               0               0              
96         37         _dl_runtime_resolve                                 * 1          1114            0               1811            245        3556       362        251        71660      631        0.000000        0.000000        0               0.000000                  0               0               0.00000000000000000000              0               0               0               0              
97         37         _dl_fixup                                           * 1          1093            0               1793            237        3556       306        243        71660      575        0.000000        0.000000        0               0.000000                  0               0               0.00000000000000000000              0               0               0               0              
507        1          iAuction::UpdateRecordAllocations()                 * 32         1034098         0               1465305         123556     22302      231784     451912     27435      1035120    0.000000        0.000000        0               0.000000                  0               0               0.00000000000000000000              0               0               0               0              
471        15         malloc                                              * 2880       279360          0               460800          72864      640        25888      126768     896        252800     0.000000        0.000000        0               0.000000                  0               0               0.00000000000000000000              0               0               0               0              
480        14         _int_malloc                                         * 2880       161280          0               262080          26656      512        1792       80560      768        183808     0.000000        0.000000        0               0.000000                  0               0               0.00000000000000000000              0               0               0               0              
554        1          free                                                * 2880       256192          0               423040          60032      8220       2048       139888     16599      205712     0.000000        0.000000        0               0.000000                  0               0               0.00000000000000000000              0               0               0               0              
555        1          _int_free                                           * 2880       212992          0               365440          36992      8220       2048       116848     16599      205712     0.000000        0.000000        0               0.000000                  0               0               0.00000000000000000000              0               0               0               0              
471        12         malloc                                              * 1019       260868          0               480090          93754      88606      66004      116948     118398     105096     0.000000        0.000000        0               0.000000                  0               0               0.00000000000000000000              0               0               0               0              
480        11         _int_malloc                                         * 1019       219089          0               409779          82286      93442      49808      105480     123234     82908      0.000000        0.000000        0               0.000000                  0               0               0.00000000000000000000              0               0               0               0              
515        2          0x0000000000074b80                                  * 271        4392            0               5462            10576      71812      2040       12072      405689     2336       0.000000        0.000000        0               0.000000                  0               0               0.00000000000000000000              0               0               0               0              
521        1          0x0000000000074be0                                  * 237        3949            0               4944            9464       67852      1752       10904      430968     2072       0.000000        0.000000        0               0.000000                  0               0               0.00000000000000000000              0               0               0               0              
528        1          std::_Rb_tree_decrement(std::_Rb_tree_node_base*)   * 360        6452            0               8800            17296      0          0          20176      0          0          0.000000        0.000000        0               0.000000                  0               0               0.00000000000000000000              0               0               0               0              
545        0          iAuction::InitStage()                               * 32         418441          0               561998          77321      99726      38758      139102     623899     365261     0.000000        0.000000        0               0.000000                  0               0               0.00000000000000000000              0               0               0               0              
554        3          free                                                * 747        113613          0               184108          32091      61793      25543      59621      169833     115047     0.000000        0.000000        0               0.000000                  0               0               0.00000000000000000000              0               0               0               0              
555        3          _int_free                                           * 747        102408          0               169168          27771      63449      25543      55301      171489     115047     0.000000        0.000000        0               0.000000                  0               0               0.00000000000000000000              0               0               0               0              
481        2          malloc_consolidate                                  * 15         25414           0               35034           15251      12459      11546      23413      38046      30386      0.000000        0.000000        0               0.000000                  0               0               0.00000000000000000000              0               0               0               0              
554        2          free                                                * 904        80260           0               132398          20195      3916       2048       44424      4096       64056      0.000000        0.000000        0               0.000000                  0               0               0.00000000000000000000              0               0               0               0              
555        2          _int_free                                           * 904        66700           0               114318          12963      3916       2048       37192      4096       64056      0.000000        0.000000        0               0.000000                  0               0               0.00000000000000000000              0               0               0               0              
471        14         malloc                                              * 440        103352          0               203950          52496      45117      33936      55064      58091      36420      0.000000        0.000000        0               0.000000                  0               0               0.00000000000000000000              0               0               0               0              
480        13         _int_malloc                                         * 440        85312           0               173590          45032      44693      25136      47600      57667      27620      0.000000        0.000000        0               0.000000                  0               0               0.00000000000000000000              0               0               0               0              
554        4          free                                                * 160        13600           0               21920           9600       2900       8320       10880      4180       8320       0.000000        0.000000        0               0.000000                  0               0               0.00000000000000000000              0               0               0               0              
555        4          _int_free                                           * 160        11200           0               18720           8320       2900       8320       9600       4180       8320       0.000000        0.000000        0               0.000000                  0               0               0.00000000000000000000              0               0               0               0              
498        1          __memmove_ssse3_back                                * 160        2134            0               2486            2000       320        88         2000       388        88         0.000000        0.000000        0               0.000000                  0               0               0.00000000000000000000              0               0               0               0              
96         38         _dl_runtime_resolve                                 * 1          1413            0               2317            346        35         294        353        260571     356        0.000000        0.000000        0               0.000000                  0               0               0.00000000000000000000              0               0               0               0              
97         38         _dl_fixup                                           * 1          1392            0               2299            330        35         246        337        260571     308        0.000000        0.000000        0               0.000000                  0               0               0.00000000000000000000              0               0               0               0              
78         39         _dl_lookup_symbol_x                                 * 1          1309            0               2166            286        31         218        305        31         280        0.000000        0.000000        0               0.000000                  0               0               0.00000000000000000000              0               0               0               0              
501        0          iAuction::InitAlgo()                                * 1          147311          0               315857          2529       71833      13053      9621       1433573    38422      0.000000        0.000000        0               0.000000                  0               0               0.00000000000000000000              0               0               0               0              
507        0          iAuction::UpdateRecordAllocations()                 * 1          31549           0               49933           545        51758      7210       5936       112764     19762      0.000000        0.000000        0               0.000000                  0               0               0.00000000000000000000              0               0               0               0              
471        9          malloc                                              * 90         17370           0               31590           764        49000      884        2188       54884      7892       0.000000        0.000000        0               0.000000                  0               0               0.00000000000000000000              0               0               0               0              
480        8          _int_malloc                                         * 90         13680           0               25380           40         49716      104        1456       55600      5744       0.000000        0.000000        0               0.000000                  0               0               0.00000000000000000000              0               0               0               0              
96         34         _dl_runtime_resolve                                 * 1          1668            0               2742            336        570        266        347        32412      338        0.000000        0.000000        0               0.000000                  0               0               0.00000000000000000000              0               0               0               0              
97         34         _dl_fixup                                           * 1          1647            0               2724            312        570        226        323        32412      298        0.000000        0.000000        0               0.000000                  0               0               0.00000000000000000000              0               0               0               0              
78         35         _dl_lookup_symbol_x                                 * 1          1564            0               2591            268        46         198        291        48         270        0.000000        0.000000        0               0.000000                  0               0               0.00000000000000000000              0               0               0               0              
471        10         malloc                                              * 58         11194           0               20358           496        104        752        1408       220        5088       0.000000        0.000000        0               0.000000                  0               0               0.00000000000000000000              0               0               0               0              
480        9          _int_malloc                                         * 58         8816            0               16356           32         564        112        936        680        3704       0.000000        0.000000        0               0.000000                  0               0               0.00000000000000000000              0               0               0               0              
96         35         _dl_runtime_resolve                                 * 1          1390            0               2277            335        40         281        340        3280       357        0.000000        0.000000        0               0.000000                  0               0               0.00000000000000000000              0               0               0               0              
97         35         _dl_fixup                                           * 1          1369            0               2259            327        40         225        332        3280       301        0.000000        0.000000        0               0.000000                  0               0               0.00000000000000000000              0               0               0               0              
78         36         _dl_lookup_symbol_x                                 * 1          1286            0               2126            283        28         197        300        28         273        0.000000        0.000000        0               0.000000                  0               0               0.00000000000000000000              0               0               0               0              
96         33         _dl_runtime_resolve                                 * 1          1144            0               1861            361        52         290        375        60         551        0.000000        0.000000        0               0.000000                  0               0               0.00000000000000000000              0               0               0               0              
97         33         _dl_fixup                                           * 1          1123            0               1843            345        52         242        359        60         503        0.000000        0.000000        0               0.000000                  0               0               0.00000000000000000000              0               0               0               0              
615        0          iAuction::DisplayAssignment()_const                 * 1          129486          0               177755          13273      3766       59025      24754      3774       90707      0.000000        0.000000        0               0.000000                  0               0               0.00000000000000000000              0               0               0               0              
571        2          fwrite                                              * 180        25280           0               40660           9352       4320       1520       9352       4320       15808      0.000000        0.000000        0               0.000000                  0               0               0.00000000000000000000              0               0               0               0              
572        2          _IO_file_xsputn@@GLIBC_2.2.5                        * 180        13940           0               20680           2872       1440       48         4304       1440       8616       0.000000        0.000000        0               0.000000                  0               0               0.00000000000000000000              0               0               0               0              
614        2          __GI_mempcpy                                        * 180        3240            0               7380            348        0          0          1780       0          0          0.000000        0.000000        0               0.000000                  0               0               0.00000000000000000000              0               0               0               0              
623        0          0x0000000000088d50                                  * 180        5700            0               6880            1440       680        0          1440       680        0          0.000000        0.000000        0               0.000000                  0               0               0.00000000000000000000              0               0               0               0              
96         46         _dl_runtime_resolve                                 * 1          1405            0               2100            181        88         314        183        1512       336        0.000000        0.000000        0               0.000000                  0               0               0.00000000000000000000              0               0               0               0              
97         46         _dl_fixup                                           * 1          1384            0               2082            173        88         258        175        1512       280        0.000000        0.000000        0               0.000000                  0               0               0.00000000000000000000              0               0               0               0              
78         47         _dl_lookup_symbol_x                                 * 1          1301            0               1949            153        84         230        167        84         252        0.000000        0.000000        0               0.000000                  0               0               0.00000000000000000000              0               0               0               0              
571        1          fwrite                                              * 270        37170           0               59490           11192      4352       16980      11904      4352       24816      0.000000        0.000000        0               0.000000                  0               0               0.00000000000000000000              0               0               0               0              
572        1          _IO_file_xsputn@@GLIBC_2.2.5                        * 270        20160           0               29520           5056       1456       7604       5768       1456       12592      0.000000        0.000000        0               0.000000                  0               0               0.00000000000000000000              0               0               0               0              
614        1          __GI_mempcpy                                        * 270        4860            0               11070           16         0          0          2160       0          0          0.000000        0.000000        0               0.000000                  0               0               0.00000000000000000000              0               0               0               0              
567        2          std::ostream::sentry::sentry(std::ostream&)         * 270        6210            0               6750            2160       1629       4320       2160       2430       4320       0.000000        0.000000        0               0.000000                  0               0               0.00000000000000000000              0               0               0               0              
640        0          0x0000000000083f10                                  * 1          3443            0               5637            385        346        859        420        430        1619       0.000000        0.000000        0               0.000000                  0               0               0.00000000000000000000              0               0               0               0              
645        0          vsnprintf                                           * 1          2170            0               3617            104        146        502        141        198        1007       0.000000        0.000000        0               0.000000                  0               0               0.00000000000000000000              0               0               0               0              
649        0          vfprintf                                            * 1          2026            0               3471            109        55         393        182        66         898        0.000000        0.000000        0               0.000000                  0               0               0.00000000000000000000              0               0               0               0              
651        0          __printf_fp                                         * 1          1666            0               2818            32         39         284        56         50         756        0.000000        0.000000        0               0.000000                  0               0               0.00000000000000000000              0               0               0               0              
96         49         _dl_runtime_resolve                                 * 1          1180            0               1916            314        41         317        328        41         572        0.000000        0.000000        0               0.000000                  0               0               0.00000000000000000000              0               0               0               0              
97         49         _dl_fixup                                           * 1          1159            0               1898            282        41         277        296        41         532        0.000000        0.000000        0               0.000000                  0               0               0.00000000000000000000              0               0               0               0              
96         48         _dl_runtime_resolve                                 * 2          2118            0               3356            602        90         576        650        98         827        0.000000        0.000000        0               0.000000                  0               0               0.00000000000000000000              0               0               0               0              
97         48         _dl_fixup                                           * 2          2076            0               3320            550        79         500        598        87         751        0.000000        0.000000        0               0.000000                  0               0               0.00000000000000000000              0               0               0               0              
78         49         _dl_lookup_symbol_x                                 * 2          1910            0               3054            494        71         444        558        79         695        0.000000        0.000000        0               0.000000                  0               0               0.00000000000000000000              0               0               0               0              
79         49         do_lookup_x                                         * 2          1270            0               2175            424        15         276        464        23         511        0.000000        0.000000        0               0.000000                  0               0               0.00000000000000000000              0               0               0               0              
96         47         _dl_runtime_resolve                                 * 1          1397            0               2073            209        98         290        211        109        312        0.000000        0.000000        0               0.000000                  0               0               0.00000000000000000000              0               0               0               0              
97         47         _dl_fixup                                           * 1          1376            0               2055            201        86         234        203        89         256        0.000000        0.000000        0               0.000000                  0               0               0.00000000000000000000              0               0               0               0              
78         48         _dl_lookup_symbol_x                                 * 1          1293            0               1922            181        79         206        195        79         228        0.000000        0.000000        0               0.000000                  0               0               0.00000000000000000000              0               0               0               0              
96         39         _dl_runtime_resolve                                 * 5          5841            0               9543            1170       254        1507       1335       2446       2110       0.000000        0.000000        0               0.000000                  0               0               0.00000000000000000000              0               0               0               0              
97         39         _dl_fixup                                           * 5          5736            0               9453            1110       254        1257       1275       2446       1834       0.000000        0.000000        0               0.000000                  0               0               0.00000000000000000000              0               0               0               0              
78         40         _dl_lookup_symbol_x                                 * 5          5321            0               8788            1010       194        1133       1115       210        1694       0.000000        0.000000        0               0.000000                  0               0               0.00000000000000000000              0               0               0               0              
79         40         do_lookup_x                                         * 5          3605            0               6431            915        50         721        970        58         1182       0.000000        0.000000        0               0.000000                  0               0               0.00000000000000000000              0               0               0               0              
80         40         check_match.9458                                    * 5          1903            0               3791            268        6          158        292        6          161        0.000000        0.000000        0               0.000000                  0               0               0.00000000000000000000              0               0               0               0              
26         72         strcmp                                              * 10         1623            0               3226            32         0          0          80         0          0          0.000000        0.000000        0               0.000000                  0               0               0.00000000000000000000              0               0               0               0              
571        0          fwrite                                              * 4          1856            0               3177            140        6916       612        140        7736       980        0.000000        0.000000        0               0.000000                  0               0               0.00000000000000000000              0               0               0               0              
572        0          _IO_file_xsputn@@GLIBC_2.2.5                        * 4          1605            0               2739            96         5368       448        96         5832       808        0.000000        0.000000        0               0.000000                  0               0               0.00000000000000000000              0               0               0               0              
96         41         _dl_runtime_resolve                                 * 1          1143            0               1856            281        2952       362        287        3672       615        0.000000        0.000000        0               0.000000                  0               0               0.00000000000000000000              0               0               0               0              
97         41         _dl_fixup                                           * 1          1122            0               1838            273        2952       306        279        3672       559        0.000000        0.000000        0               0.000000                  0               0               0.00000000000000000000              0               0               0               0              
96         42         _dl_runtime_resolve                                 * 1          1166            0               1896            289        48         341        295        48         603        0.000000        0.000000        0               0.000000                  0               0               0.00000000000000000000              0               0               0               0              
97         42         _dl_fixup                                           * 1          1145            0               1878            265        48         293        271        48         555        0.000000        0.000000        0               0.000000                  0               0               0.00000000000000000000              0               0               0               0              
594        0          std::ostream::put(char)                             * 4          2117            0               3318            657        335        951        735        359        1247       0.000000        0.000000        0               0.000000                  0               0               0.00000000000000000000              0               0               0               0              
595        0          0x000000000005b624                                  * 4          1885            0               3030            625        335        791        703        359        1087       0.000000        0.000000        0               0.000000                  0               0               0.00000000000000000000              0               0               0               0              
96         43         _dl_runtime_resolve                                 * 1          1129            0               1836            273        79         350        279        87         615        0.000000        0.000000        0               0.000000                  0               0               0.00000000000000000000              0               0               0               0              
97         43         _dl_fixup                                           * 1          1108            0               1818            265        79         294        271        87         559        0.000000        0.000000        0               0.000000                  0               0               0.00000000000000000000              0               0               0               0              
607        0          std::ostream::flush()                               * 4          1423            0               2363            505        187        466        543        227        719        0.000000        0.000000        0               0.000000                  0               0               0.00000000000000000000              0               0               0               0              
96         44         _dl_runtime_resolve                                 * 1          1135            0               1841            281        99         338        295        139        591        0.000000        0.000000        0               0.000000                  0               0               0.00000000000000000000              0               0               0               0              
97         44         _dl_fixup                                           * 1          1114            0               1823            273        99         282        287        139        535        0.000000        0.000000        0               0.000000                  0               0               0.00000000000000000000              0               0               0               0              
459        0          Assignment::RandomGenerate(std::vector<std::vector  * 1          612166          8100            1201437         1012       123878     2563       1056       373111     285928     0.000000        0.000000        0               0.000000                  0               0               0.00000000000000000000              0               0               0               0              
488        0          rand                                                * 8100       380439          0               719856          152        0          144        64956      0          259044     0.000000        0.000000        0               0.000000                  0               0               0.00000000000000000000              0               0               0               0              
489        0          random                                              * 8100       348039          0               671256          152        0          144        64956      0          259044     0.000000        0.000000        0               0.000000                  0               0               0.00000000000000000000              0               0               0               0              
464        1          random_r                                            * 8100       210339          0               331056          148        4          140        64952      32400      194248     0.000000        0.000000        0               0.000000                  0               0               0.00000000000000000000              0               0               0               0              
471        0          malloc                                              * 1          59234           0               128710          569        87812      616        577        219602     982        0.000000        0.000000        0               0.000000                  0               0               0.00000000000000000000              0               0               0               0              
472        0          malloc_hook_ini                                     * 1          59221           0               128700          553        87812      600        561        219602     966        0.000000        0.000000        0               0.000000                  0               0               0.00000000000000000000              0               0               0               0              
473        0          ptmalloc_init.part.7                                * 1          58029           0               126488          545        121        416        553        121        730        0.000000        0.000000        0               0.000000                  0               0               0.00000000000000000000              0               0               0               0              
474        0          _dl_addr                                            * 1          57579           0               125784          545        97         376        553        97         690        0.000000        0.000000        0               0.000000                  0               0               0.00000000000000000000              0               0               0               0              
96         30         _dl_runtime_resolve                                 * 1          1472            0               2390            244        41         316        252        41         630        0.000000        0.000000        0               0.000000                  0               0               0.00000000000000000000              0               0               0               0              
97         30         _dl_fixup                                           * 1          1451            0               2372            224        41         272        232        41         586        0.000000        0.000000        0               0.000000                  0               0               0.00000000000000000000              0               0               0               0              
78         31         _dl_lookup_symbol_x                                 * 1          1368            0               2239            188        45         252        204        45         566        0.000000        0.000000        0               0.000000                  0               0               0.00000000000000000000              0               0               0               0              
79         31         do_lookup_x                                         * 1          1092            0               1860            163        5          172        163        5          482        0.000000        0.000000        0               0.000000                  0               0               0.00000000000000000000              0               0               0               0              
471        1          malloc                                              * 1          1181            0               2200            32         75027      176        32         147841     228        0.000000        0.000000        0               0.000000                  0               0               0.00000000000000000000              0               0               0               0              
480        0          _int_malloc                                         * 1          1140            0               2131            24         75031      156        24         147845     208        0.000000        0.000000        0               0.000000                  0               0               0.00000000000000000000              0               0               0               0              
96         29         _dl_runtime_resolve                                 * 1          1195            0               1954            192        12731      334        192        71715      601        0.000000        0.000000        0               0.000000                  0               0               0.00000000000000000000              0               0               0               0              
97         29         _dl_fixup                                           * 1          1174            0               1936            184        12723      278        184        71707      545        0.000000        0.000000        0               0.000000                  0               0               0.00000000000000000000              0               0               0               0              
78         30         _dl_lookup_symbol_x                                 * 1          1091            0               1803            164        55         254        176        63         521        0.000000        0.000000        0               0.000000                  0               0               0.00000000000000000000              0               0               0               0              
471        2          malloc                                              * 90         16020           0               28080           60         316        92         2196       610        7908       0.000000        0.000000        0               0.000000                  0               0               0.00000000000000000000              0               0               0               0              
480        1          _int_malloc                                         * 90         12330           0               21870           48         1032       72         1472       1326       5752       0.000000        0.000000        0               0.000000                  0               0               0.00000000000000000000              0               0               0               0              
462        0          srand                                               * 1          10537           0               18665           8          148        168        8          160        7316       0.000000        0.000000        0               0.000000                  0               0               0.00000000000000000000              0               0               0               0              
463        0          srandom_r                                           * 1          10520           0               18622           8          144        164        8          156        7312       0.000000        0.000000        0               0.000000                  0               0               0.00000000000000000000              0               0               0               0              
464        0          random_r                                            * 310        8050            0               12670           8          144        140        2480       156        7288       0.000000        0.000000        0               0.000000                  0               0               0.00000000000000000000              0               0               0               0              
96         27         _dl_runtime_resolve                                 * 2          2226            0               3612            520        92         603        538        64881      1149       0.000000        0.000000        0               0.000000                  0               0               0.00000000000000000000              0               0               0               0              
97         27         _dl_fixup                                           * 2          2184            0               3576            480        92         531        498        64881      1061       0.000000        0.000000        0               0.000000                  0               0               0.00000000000000000000              0               0               0               0              
78         28         _dl_lookup_symbol_x                                 * 2          2018            0               3310            420        92         491        450        97         1021       0.000000        0.000000        0               0.000000                  0               0               0.00000000000000000000              0               0               0               0              
79         28         do_lookup_x                                         * 2          1762            0               2959            354        19         347        360        19         869        0.000000        0.000000        0               0.000000                  0               0               0.00000000000000000000              0               0               0               0              
682        0          iAuction::~iAuction()                               * 1          66296           0               101382          19716      61         8571       41692      3026       65427      0.000000        0.000000        0               0.000000                  0               0               0.00000000000000000000              0               0               0               0              
554        5          free                                                * 167        33651           0               53358           8378       417        8330       19940      3398       39279      0.000000        0.000000        0               0.000000                  0               0               0.00000000000000000000              0               0               0               0              
555        5          _int_free                                           * 167        31146           0               50018           7906       1281       8330       19468      4262       39279      0.000000        0.000000        0               0.000000                  0               0               0.00000000000000000000              0               0               0               0              
481        3          malloc_consolidate                                  * 1          11931           0               16789           6180       58         5572       9248       175        17070      0.000000        0.000000        0               0.000000                  0               0               0.00000000000000000000              0               0               0               0              
554        6          free                                                * 263        23403           0               38651           5580       1094       81         12660      1192       18900      0.000000        0.000000        0               0.000000                  0               0               0.00000000000000000000              0               0               0               0              
555        6          _int_free                                           * 263        19458           0               33391           3476       1094       81         10556      1192       18900      0.000000        0.000000        0               0.000000                  0               0               0.00000000000000000000              0               0               0               0              
471        3          malloc                                              * 91         16327           0               28529           88         31120      200        2246       65759      8080       0.000000        0.000000        0               0.000000                  0               0               0.00000000000000000000              0               0               0               0              
480        2          _int_malloc                                         * 91         12596           0               22250           76         31844      164        1514       66483      5900       0.000000        0.000000        0               0.000000                  0               0               0.00000000000000000000              0               0               0               0              
498        0          __memmove_ssse3_back                                * 90         12780           0               27090           5150       1576       0          5206       5335       0          0.000000        0.000000        0               0.000000                  0               0               0.00000000000000000000              0               0               0               0              
96         32         _dl_runtime_resolve                                 * 1          1167            0               1896            383        63         302        393        2039       567        0.000000        0.000000        0               0.000000                  0               0               0.00000000000000000000              0               0               0               0              
97         32         _dl_fixup                                           * 1          1146            0               1878            375        63         246        385        2039       511        0.000000        0.000000        0               0.000000                  0               0               0.00000000000000000000              0               0               0               0              
684        0          Assignment::~Assignment()                           * 1          13837           0               22457           1597       0          1524       7540       0          13845      0.000000        0.000000        0               0.000000                  0               0               0.00000000000000000000              0               0               0               0              
554        7          free                                                * 91         12733           0               21355           853        8          1500       6060       8          13821      0.000000        0.000000        0               0.000000                  0               0               0.00000000000000000000              0               0               0               0              
555        7          _int_free                                           * 91         11368           0               19535           837        720        1500       6044       720        13821      0.000000        0.000000        0               0.000000                  0               0               0.00000000000000000000              0               0               0               0              
96         25         _dl_runtime_resolve                                 * 6          7216            0               11733           684        162        1461       881        170        2779       0.000000        0.000000        0               0.000000                  0               0               0.00000000000000000000              0               0               0               0              
97         25         _dl_fixup                                           * 6          7090            0               11625           644        162        1245       833        170        2443       0.000000        0.000000        0               0.000000                  0               0               0.00000000000000000000              0               0               0               0              
78         26         _dl_lookup_symbol_x                                 * 6          6521            0               10745           640        162        1137       885        170        2271       0.000000        0.000000        0               0.000000                  0               0               0.00000000000000000000              0               0               0               0              
79         26         do_lookup_x                                         * 6          4553            0               8042            549        58         777        768        74         1662       0.000000        0.000000        0               0.000000                  0               0               0.00000000000000000000              0               0               0               0              
80         26         check_match.9458                                    * 6          2145            0               4272            275        2          171        337        2          197        0.000000        0.000000        0               0.000000                  0               0               0.00000000000000000000              0               0               0               0              
26         44         strcmp                                              * 12         1809            0               3594            32         0          0          96         0          0          0.000000        0.000000        0               0.000000                  0               0               0.00000000000000000000              0               0               0               0              
96         24         _dl_runtime_resolve                                 * 2          2304            0               3752            252        47         535        397        47         1123       0.000000        0.000000        0               0.000000                  0               0               0.00000000000000000000              0               0               0               0              
97         24         _dl_fixup                                           * 2          2262            0               3716            239        47         441        371        47         1021       0.000000        0.000000        0               0.000000                  0               0               0.00000000000000000000              0               0               0               0              
78         25         _dl_lookup_symbol_x                                 * 2          2096            0               3450            249        51         395        419        51         967        0.000000        0.000000        0               0.000000                  0               0               0.00000000000000000000              0               0               0               0              
79         25         do_lookup_x                                         * 2          1816            0               3066            234        16         223        382        21         763        0.000000        0.000000        0               0.000000                  0               0               0.00000000000000000000              0               0               0               0              
640        1          0x0000000000083f10                                  * 1          1841            0               3193            144        198        559        189        230        1112       0.000000        0.000000        0               0.000000                  0               0               0.00000000000000000000              0               0               0               0              
645        1          vsnprintf                                           * 1          1752            0               3091            148        49         519        193        65         1072       0.000000        0.000000        0               0.000000                  0               0               0.00000000000000000000              0               0               0               0              
649        1          vfprintf                                            * 1          1608            0               2945            145        38         426        258        45         979        0.000000        0.000000        0               0.000000                  0               0               0.00000000000000000000              0               0               0               0              
651        1          __printf_fp                                         * 1          1248            0               2292            65         22         295        129        29         807        0.000000        0.000000        0               0.000000                  0               0               0.00000000000000000000              0               0               0               0              
96         26         _dl_runtime_resolve                                 * 2          2283            0               3714            207        48         427        317        48         1233       0.000000        0.000000        0               0.000000                  0               0               0.00000000000000000000              0               0               0               0              
97         26         _dl_fixup                                           * 2          2241            0               3678            199        48         371        301        48         1121       0.000000        0.000000        0               0.000000                  0               0               0.00000000000000000000              0               0               0               0              
78         27         _dl_lookup_symbol_x                                 * 2          2064            0               3390            171        44         343        293        44         1061       0.000000        0.000000        0               0.000000                  0               0               0.00000000000000000000              0               0               0               0              
79         27         do_lookup_x                                         * 2          1784            0               3006            158        24         231        275        32         861        0.000000        0.000000        0               0.000000                  0               0               0.00000000000000000000              0               0               0               0              
96         51         _dl_runtime_resolve                                 * 2          1330            0               2137            227        20         572        334        36         696        0.000000        0.000000        0               0.000000                  0               0               0.00000000000000000000              0               0               0               0              
97         51         _dl_fixup                                           * 2          1288            0               2101            211        20         467        318        36         584        0.000000        0.000000        0               0.000000                  0               0               0.00000000000000000000              0               0               0               0              
78         52         _dl_lookup_symbol_x                                 * 2          1122            0               1835            195        24         415        306        24         524        0.000000        0.000000        0               0.000000                  0               0               0.00000000000000000000              0               0               0               0              
96         50         _dl_runtime_resolve                                 * 1          1203            0               1819            177        78         318        179        97         340        0.000000        0.000000        0               0.000000                  0               0               0.00000000000000000000              0               0               0               0              
97         50         _dl_fixup                                           * 1          1182            0               1801            169        78         262        171        97         284        0.000000        0.000000        0               0.000000                  0               0               0.00000000000000000000              0               0               0               0              
491        0          Utils::Utils()                                      * 1          1346            2               2137            370        79         333        381        91         597        0.000000        0.000000        0               0.000000                  0               0               0.00000000000000000000              0               0               0               0              
96         31         _dl_runtime_resolve                                 * 1          1323            0               2121            346        79         325        357        91         589        0.000000        0.000000        0               0.000000                  0               0               0.00000000000000000000              0               0               0               0              
97         31         _dl_fixup                                           * 1          1302            0               2103            330        79         277        341        91         541        0.000000        0.000000        0               0.000000                  0               0               0.00000000000000000000              0               0               0               0              
78         32         _dl_lookup_symbol_x                                 * 1          1148            0               1888            278        51         249        301        51         513        0.000000        0.000000        0               0.000000                  0               0               0.00000000000000000000              0               0               0               0              


Trimming tree.....
Node under main has inclusive communication costs as zero!
Node under main has inclusive communication costs as zero!
Node under main has inclusive communication costs as zero!
Node under main has inclusive communication costs as zero!
Func num   Func Inst  Function name                                        Numcalls   Instrs          Flops           Iops            Ipcomm_uq  Opcomm_uq  Local_uq   Ipcomm     Opcomm     Local      Comp_Comm_uniq  Comp_Comm       Est. Cyc        Est. Area                 Est. Dlmr time  Est. Dlmw time  Der. metr                           ip_offload      op_offload       data-ru-ipcomm   data-ru-local

Uppertree Software Time (Cycles): 562436.000000       
Bottom nodes Software Time (Cycles): 1104491.000000      

501        0          iAuction::InitAlgo()                                * 1          147311          0               315857          2529       71833      13053      9621       1433573    38422      315857          315857          211499          2087437.095000            1300            24500           1.00000000000000000000              1695            35723           0               0              
615        0          iAuction::DisplayAssignment() const                 * 1          129486          0               177755          13273      3766       59025      24754      3774       90707      177755          177755          136976          2039906.828000            400             1000            1.00000000000000000000              2473            1588            0               0              
585        0          std::ctype<char>::_M_widen_init() const             * 1          2427            0               3700            305        55         381        311        56         643        3700            3700            5787            254627.257000             400             0               1.00000000000000000000              447             8               0               0              
489        0          random                                              * 8100       348039          0               671256          152        0          144        64956      0          259044     671256          671256          351219          -1079716.888000           0               0               1.00000000000000000000              23              0               0               0              
473        0          ptmalloc_init.part.7                                * 1          58029           0               126488          545        121        416        553        121        730        126488          126488          174259          21149.474000              82400           200             1.00000000000000000000              82485           218             0               0              
462        0          srand                                               * 1          10537           0               18665           8          148        168        8          160        7316       18665           18665           12177           213205.048000             0               300             1.00000000000000000000              1               323             0               0              
684        0          Assignment::~Assignment()                           * 1          13837           0               22457           1597       0          1524       7540       0          13845      22457           22457           15377           284787.657000             0               0               1.00000000000000000000              249             0               0               0              
428        0          CmdParser::ParseCmd(int, char**)                    * 1          3218            0               5366            279        55         855        419        75         1491       5366            5366            11648           263996.673000             1700            200             1.00000000000000000000              1743            208             0               0              
442        0          std::string::compare(char const*) const             * 1          2354            0               3786            231        48         459        333        48         1265       3786            3786            5134            254372.146000             1200            0               1.00000000000000000000              1236            7               0               0              
677        0          std::basic_ostream<char, std::char_traits<char> >&  * 1          1677            0               2667            360        148        772        495        164        896        2667            2667            2417            271913.900000             0               0               1.00000000000000000000              56              23              0               0              
672        0          std::basic_ostream<char, std::char_traits<char> >&  * 1          1519            0               2261            257        138        494        259        165        516        2261            2261            2129            261661.473000             0               0               1.00000000000000000000              40              21              0               0              
491        0          Utils::Utils()                                      * 1          1346            2               2137            370        79         333        381        91         597        2139            2139            3196            258877.394000             500             0               1.00000000000000000000              557             12              0               0              
495        0          std::vector<std::vector<double, std::allocator<dou  * 1          35756           0               62270           5913       50035      590        10313      958843     10159      62270           62270           167146          1716430.426000            300             106900          2.00000000000000000000              1223            114717          0               0              
