Function name                                        Numcalls   Instrs          Flops           Iops            Ipcomm_uq  Opcomm_uq  Local_uq   Ipcomm     Opcomm     Local      Comp_Comm_uniq  Comp_Comm       Est. Cyc        Est. Area                 Est. Dlmr time  Est. Dlmw time 

139        0          main                                                * 1          11524366        611981          24637799        741        618        152472     945        277865     6828341    0.000000        0.000000        0               0.000000                  0               0               0.00000000000000000000              0               0               0               0              
244        0          fillFeatures                                        * 1          2282343         153824          7642893         7941       2536       2560       8125       3345       1303588    0.000000        0.000000        0               0.000000                  0               0               0.00000000000000000000              0               0               0               0              
229        5          fSetArray                                           * 1          3954            0               12584           193        2540       96         201        6613       108        0.000000        0.000000        0               0.000000                  0               0               0.00000000000000000000              0               0               0               0              
153        0          readImage                                           * 5          4130167         0               5958359         3307       35571      6938       391740     412614     3887083    0.000000        0.000000        0               0.000000                  0               0               0.00000000000000000000              0               0               0               0              
179        0          fread                                               * 34640      3742850         0               5406315         2073       879        1516       1408337    59767      3879836    0.000000        0.000000        0               0.000000                  0               0               0.00000000000000000000              0               0               0               0              
180        0          _IO_sgetn                                           * 34640      1803010         0               2496555         1829       739        1036       662229     117307     1940156    0.000000        0.000000        0               0.000000                  0               0               0.00000000000000000000              0               0               0               0              
181        0          _IO_file_xsgetn                                     * 34640      1699090         0               2427275         1701       739        1036       440533     117307     1940156    0.000000        0.000000        0               0.000000                  0               0               0.00000000000000000000              0               0               0               0              
193        0          memcpy                                              * 34640      623545          0               1420240         120        229        0          277120     58818      0          0.000000        0.000000        0               0.000000                  0               0               0.00000000000000000000              0               0               0               0              
156        0          fopen@@GLIBC_2.2.5                                  * 5          63633           0               116189          840        11322      1409       924        522228     1527       0.000000        0.000000        0               0.000000                  0               0               0.00000000000000000000              0               0               0               0              
157        0          __fopen_internal                                    * 5          63623           0               116189          840        11322      1409       924        522228     1527       0.000000        0.000000        0               0.000000                  0               0               0.00000000000000000000              0               0               0               0              
159        0          malloc                                              * 5          62063           0               113989          491        9604       607        539        21066      715        0.000000        0.000000        0               0.000000                  0               0               0.00000000000000000000              0               0               0               0              
160        0          malloc_hook_ini                                     * 1          61102           0               112343          127        9223       259        127        20646      359        0.000000        0.000000        0               0.000000                  0               0               0.00000000000000000000              0               0               0               0              
161        0          ptmalloc_init                                       * 1          60041           0               110999          79         48         102        79         52         110        0.000000        0.000000        0               0.000000                  0               0               0.00000000000000000000              0               0               0               0              
163        0          _dl_addr                                            * 1          59450           0               110017          67         40         62         67         44         70         0.000000        0.000000        0               0.000000                  0               0               0.00000000000000000000              0               0               0               0              
120        2          _dl_runtime_resolve                                 * 4          3623            0               5898            280        116        1018       363        277296     2209       0.000000        0.000000        0               0.000000                  0               0               0.00000000000000000000              0               0               0               0              
121        2          _dl_fixup                                           * 4          3539            0               5826            244        116        806        327        277296     1989       0.000000        0.000000        0               0.000000                  0               0               0.00000000000000000000              0               0               0               0              
71         3          _dl_lookup_symbol_x                                 * 4          3219            0               5310            288        92         670        419        96         1837       0.000000        0.000000        0               0.000000                  0               0               0.00000000000000000000              0               0               0               0              
72         3          do_lookup_x                                         * 4          2662            0               4553            163        48         433        328        68         1404       0.000000        0.000000        0               0.000000                  0               0               0.00000000000000000000              0               0               0               0              
194        0          iMallocHandle                                       * 5          3591            0               5526            1790       3219       1341       2085       52332      1817       0.000000        0.000000        0               0.000000                  0               0               0.00000000000000000000              0               0               0               0              
159        2          malloc                                              * 5          2566            0               3889            1690       1579       895        1961       10328      1196       0.000000        0.000000        0               0.000000                  0               0               0.00000000000000000000              0               0               0               0              
165        1          _int_malloc                                         * 5          2391            0               3619            1598       1559       787        1869       10308      1088       0.000000        0.000000        0               0.000000                  0               0               0.00000000000000000000              0               0               0               0              
207        0          fclose@@GLIBC_2.2.5                                 * 5          2074            0               3283            1368       920        1094       1597       1471       1134       0.000000        0.000000        0               0.000000                  0               0               0.00000000000000000000              0               0               0               0              
228        0          imageBlur                                           * 5          1315525         193600          2710259         51935      113685     2545       233153     276608     360808     0.000000        0.000000        0               0.000000                  0               0               0.00000000000000000000              0               0               0               0              
229        0          fSetArray                                           * 10         144980          0               472747          845        128232     776        1290       348976     1348       0.000000        0.000000        0               0.000000                  0               0               0.00000000000000000000              0               0               0               0              
230        0          fMallocHandle                                       * 10         2260            0               3587            765        818        676        990        5866       1224       0.000000        0.000000        0               0.000000                  0               0               0.00000000000000000000              0               0               0               0              
159        4          malloc                                              * 10         2090            0               3347            629        666        596        814        850        1128       0.000000        0.000000        0               0.000000                  0               0               0.00000000000000000000              0               0               0               0              
165        3          _int_malloc                                         * 10         1740            0               2807            533        646        456        710        830        832        0.000000        0.000000        0               0.000000                  0               0               0.00000000000000000000              0               0               0               0              
240        0          calcSobel_dY                                        * 9          1144879         150192          2383702         42406      48437      24760      114612     278985     358724     0.000000        0.000000        0               0.000000                  0               0               0.00000000000000000000              0               0               0               0              
229        3          fSetArray                                           * 18         178376          0               574095          3100       63484      2228       3864       384883     3692       0.000000        0.000000        0               0.000000                  0               0               0.00000000000000000000              0               0               0               0              
230        4          fMallocHandle                                       * 18         6152            0               9351            3100       2425       2044       3679       12294      3140       0.000000        0.000000        0               0.000000                  0               0               0.00000000000000000000              0               0               0               0              
159        10         malloc                                              * 18         5846            0               8919            3028       2285       1900       3535       7254       2852       0.000000        0.000000        0               0.000000                  0               0               0.00000000000000000000              0               0               0               0              
165        9          _int_malloc                                         * 18         5216            0               7947            2920       2249       1648       3283       7218       2312       0.000000        0.000000        0               0.000000                  0               0               0.00000000000000000000              0               0               0               0              
194        3          iMallocHandle                                       * 18         3783            0               6232            1364       1840       1020       1980       12664      1892       0.000000        0.000000        0               0.000000                  0               0               0.00000000000000000000              0               0               0               0              
159        11         malloc                                              * 18         3477            0               5800            1292       1768       876        1836       12544      1604       0.000000        0.000000        0               0.000000                  0               0               0.00000000000000000000              0               0               0               0              
165        10         _int_malloc                                         * 18         2847            0               4828            1184       1732       624        1656       12508      1064       0.000000        0.000000        0               0.000000                  0               0               0.00000000000000000000              0               0               0               0              
239        0          calcSobel_dX                                        * 9          895118          0               1898756         66889      29146      5232       194776     285347     339284     0.000000        0.000000        0               0.000000                  0               0               0.00000000000000000000              0               0               0               0              
229        2          fSetArray                                           * 18         178819          0               575104          3139       51405      2184       4190       352275     3540       0.000000        0.000000        0               0.000000                  0               0               0.00000000000000000000              0               0               0               0              
230        2          fMallocHandle                                       * 18         6595            0               10360           3139       2700       2004       3814       10212      3180       0.000000        0.000000        0               0.000000                  0               0               0.00000000000000000000              0               0               0               0              
159        8          malloc                                              * 18         6289            0               9928            3067       2516       1860       3670       5120       2892       0.000000        0.000000        0               0.000000                  0               0               0.00000000000000000000              0               0               0               0              
165        7          _int_malloc                                         * 18         5659            0               8956            2943       2480       1608       3454       5084       2368       0.000000        0.000000        0               0.000000                  0               0               0.00000000000000000000              0               0               0               0              
230        3          fMallocHandle                                       * 18         3858            0               6376            1364       1748       1072       1980       12376      1960       0.000000        0.000000        0               0.000000                  0               0               0.00000000000000000000              0               0               0               0              
159        9          malloc                                              * 18         3552            0               5944            1292       1676       928        1836       12304      1672       0.000000        0.000000        0               0.000000                  0               0               0.00000000000000000000              0               0               0               0              
165        8          _int_malloc                                         * 18         2922            0               4972            1184       1640       676        1656       12268      1132       0.000000        0.000000        0               0.000000                  0               0               0.00000000000000000000              0               0               0               0              
231        2          fFreeHandle                                         * 27         2629            0               4167            1298       465        740        2179       561        1748       0.000000        0.000000        0               0.000000                  0               0               0.00000000000000000000              0               0               0               0              
152        7          free                                                * 27         2521            0               4086            1226       465        740        1963       561        1748       0.000000        0.000000        0               0.000000                  0               0               0.00000000000000000000              0               0               0               0              
216        5          _int_free                                           * 27         2116            0               3546            1010       465        740        1747       561        1748       0.000000        0.000000        0               0.000000                  0               0               0.00000000000000000000              0               0               0               0              
241        0          calcGoodFeature                                     * 1          469497          18435           1242816         14029      30022      37064      26710      34132      205871     0.000000        0.000000        0               0.000000                  0               0               0.00000000000000000000              0               0               0               0              
242        0          calcAreaSum                                         * 3          331254          3               940705          17416      39452      27192      18643      58636      135032     0.000000        0.000000        0               0.000000                  0               0               0.00000000000000000000              0               0               0               0              
229        4          fSetArray                                           * 6          3432            0               8730            592        1412       536        772        5722       792        0.000000        0.000000        0               0.000000                  0               0               0.00000000000000000000              0               0               0               0              
235        0          imageResize                                         * 5          524002          74810           1008239         38545      31329      4525       88608      68759      146035     0.000000        0.000000        0               0.000000                  0               0               0.00000000000000000000              0               0               0               0              
229        1          fSetArray                                           * 10         58065           0               183710          1024       40488      956        1538       94223      1612       0.000000        0.000000        0               0.000000                  0               0               0.00000000000000000000              0               0               0               0              
230        1          fMallocHandle                                       * 10         2825            0               4590            1004       1276       856        1298       5195       1428       0.000000        0.000000        0               0.000000                  0               0               0.00000000000000000000              0               0               0               0              
159        6          malloc                                              * 10         2655            0               4350            868        1132       776        1154       1835       1332       0.000000        0.000000        0               0.000000                  0               0               0.00000000000000000000              0               0               0               0              
165        5          _int_malloc                                         * 10         2305            0               3810            728        1112       636        942        1815       1112       0.000000        0.000000        0               0.000000                  0               0               0.00000000000000000000              0               0               0               0              
194        2          iMallocHandle                                       * 5          1683            0               3331            780        856        472        884        12920      488        0.000000        0.000000        0               0.000000                  0               0               0.00000000000000000000              0               0               0               0              
159        7          malloc                                              * 5          1598            0               3211            708        816        392        812        12880      408        0.000000        0.000000        0               0.000000                  0               0               0.00000000000000000000              0               0               0               0              
165        6          _int_malloc                                         * 5          1423            0               2941            632        796        268        736        12860      284        0.000000        0.000000        0               0.000000                  0               0               0.00000000000000000000              0               0               0               0              
246        0          getANMS                                             * 1          267277          11088           692599          13357      1754       39846      18107      3116       94047      0.000000        0.000000        0               0.000000                  0               0               0.00000000000000000000              0               0               0               0              
247        0          fDeepCopy                                           * 42         107100          0               284652          30168      11643      4146       44343      26613      7770       0.000000        0.000000        0               0.000000                  0               0               0.00000000000000000000              0               0               0               0              
230        13         fMallocHandle                                       * 42         13976           0               25128           4419       3722       3478       5426       16565      6750       0.000000        0.000000        0               0.000000                  0               0               0.00000000000000000000              0               0               0               0              
159        21         malloc                                              * 42         13262           0               24120           4207       3414       3046       5094       4393       6078       0.000000        0.000000        0               0.000000                  0               0               0.00000000000000000000              0               0               0               0              
165        20         _int_malloc                                         * 42         11792           0               21852           3883       3306       2394       4650       4285       4842       0.000000        0.000000        0               0.000000                  0               0               0.00000000000000000000              0               0               0               0              
248        0          ffVertcat                                           * 13         8317            0               20836           2876       2493       1728       3652       16840      1864       0.000000        0.000000        0               0.000000                  0               0               0.00000000000000000000              0               0               0               0              
230        14         fMallocHandle                                       * 13         3338            0               6016            1680       1357       1208       1840       2192       1344       0.000000        0.000000        0               0.000000                  0               0               0.00000000000000000000              0               0               0               0              
159        22         malloc                                              * 13         3117            0               5704            1540       1177       1000       1700       1560       1136       0.000000        0.000000        0               0.000000                  0               0               0.00000000000000000000              0               0               0               0              
165        21         _int_malloc                                         * 13         2662            0               5002            1384       1125       636        1544       1508       772        0.000000        0.000000        0               0.000000                  0               0               0.00000000000000000000              0               0               0               0              
231        7          fFreeHandle                                         * 85         10140           0               16176           5341       3547       4336       8783       5335       6916       0.000000        0.000000        0               0.000000                  0               0               0.00000000000000000000              0               0               0               0              
152        13         free                                                * 85         9800            0               15921           5221       3547       4336       8103       5335       6916       0.000000        0.000000        0               0.000000                  0               0               0.00000000000000000000              0               0               0               0              
216        11         _int_free                                           * 85         8525            0               14221           4773       3779       4336       7655       5567       6916       0.000000        0.000000        0               0.000000                  0               0               0.00000000000000000000              0               0               0               0              
230        11         fMallocHandle                                       * 29         8271            0               14139           2508       3280       2372       3580       15360      4516       0.000000        0.000000        0               0.000000                  0               0               0.00000000000000000000              0               0               0               0              
159        19         malloc                                              * 29         7778            0               13443           2388       2908       2132       3348       3832       4052       0.000000        0.000000        0               0.000000                  0               0               0.00000000000000000000              0               0               0               0              
165        18         _int_malloc                                         * 29         6763            0               11877           2208       2848       1712       3056       3772       3184       0.000000        0.000000        0               0.000000                  0               0               0.00000000000000000000              0               0               0               0              
194        4          iMallocHandle                                       * 16         6010            0               11385           2524       2212       1872       2884       2833       2156       0.000000        0.000000        0               0.000000                  0               0               0.00000000000000000000              0               0               0               0              
159        18         malloc                                              * 16         5738            0               11001           2384       2124       1632       2744       2637       1916       0.000000        0.000000        0               0.000000                  0               0               0.00000000000000000000              0               0               0               0              
165        17         _int_malloc                                         * 16         5178            0               10137           2160       2060       1208       2520       2573       1492       0.000000        0.000000        0               0.000000                  0               0               0.00000000000000000000              0               0               0               0              
229        6          fSetArray                                           * 2          3649            0               8523            244        1852       176        312        2885       284        0.000000        0.000000        0               0.000000                  0               0               0.00000000000000000000              0               0               0               0              
234        3          iFreeHandle                                         * 16         1854            0               2977            1790       896        836        2066       1075       973        0.000000        0.000000        0               0.000000                  0               0               0.00000000000000000000              0               0               0               0              
152        14         free                                                * 16         1790            0               2929            1678       896        836        1938       1075       973        0.000000        0.000000        0               0.000000                  0               0               0.00000000000000000000              0               0               0               0              
216        12         _int_free                                           * 16         1550            0               2609            1550       896        836        1810       1075       973        0.000000        0.000000        0               0.000000                  0               0               0.00000000000000000000              0               0               0               0              
251        0          calcPyrLKTrack                                      * 4          283685          9968            516074          28279      1169       11257      90839      1543       91013      0.000000        0.000000        0               0.000000                  0               0               0.00000000000000000000              0               0               0               0              
253        0          getInterpolatePatch                                 * 265        219153          8048            431050          28243      22580      6165       79919      36071      55409      0.000000        0.000000        0               0.000000                  0               0               0.00000000000000000000              0               0               0               0              
229        8          fSetArray                                           * 265        62102           0               140549          5288       14360      3180       11840      22819      35952      0.000000        0.000000        0               0.000000                  0               0               0.00000000000000000000              0               0               0               0              
230        18         fMallocHandle                                       * 265        30037           0               45944           3116       6928       3100       11756      10659      30712      0.000000        0.000000        0               0.000000                  0               0               0.00000000000000000000              0               0               0               0              
159        30         malloc                                              * 265        25532           0               39584           3504       5872       3036       10032      9603       26520      0.000000        0.000000        0               0.000000                  0               0               0.00000000000000000000              0               0               0               0              
165        30         _int_malloc                                         * 265        16257           0               25274           3384       5856       2936       7848       9587       18104      0.000000        0.000000        0               0.000000                  0               0               0.00000000000000000000              0               0               0               0              
256        0          floorf                                              * 530        10776           628             29796           2152       0          0          4240       0          0          0.000000        0.000000        0               0.000000                  0               0               0.00000000000000000000              0               0               0               0              
231        8          fFreeHandle                                         * 269        23287           0               36812           6744       2176       3204       17848      2728       17044      0.000000        0.000000        0               0.000000                  0               0               0.00000000000000000000              0               0               0               0              
152        17         free                                                * 269        22211           0               36005           6712       2176       3204       15696      2728       17044      0.000000        0.000000        0               0.000000                  0               0               0.00000000000000000000              0               0               0               0              
216        15         _int_free                                           * 269        18176           0               30625           4560       2176       3204       13544      2728       17044      0.000000        0.000000        0               0.000000                  0               0               0.00000000000000000000              0               0               0               0              
230        17         fMallocHandle                                       * 4          1290            0               2609            564        684        396        636        765        396        0.000000        0.000000        0               0.000000                  0               0               0.00000000000000000000              0               0               0               0              
247        1          fDeepCopy                                           * 16         113979          0               365811          49336      26780      1908       51000      130055     2772       0.000000        0.000000        0               0.000000                  0               0               0.00000000000000000000              0               0               0               0              
230        16         fMallocHandle                                       * 16         5423            0               9259            2700       2612       1580       3176       4767       2348       0.000000        0.000000        0               0.000000                  0               0               0.00000000000000000000              0               0               0               0              
159        26         malloc                                              * 16         5151            0               8875            2612       2436       1388       3056       3135       2092       0.000000        0.000000        0               0.000000                  0               0               0.00000000000000000000              0               0               0               0              
165        26         _int_malloc                                         * 16         4591            0               8011            2452       2388       1100       2864       3087       1644       0.000000        0.000000        0               0.000000                  0               0               0.00000000000000000000              0               0               0               0              
243        0          fReshape                                            * 1          26120           0               86507           9269       9200       208        9461       10278      232        0.000000        0.000000        0               0.000000                  0               0               0.00000000000000000000              0               0               0               0              
257        0          fSelfCheck                                          * 1          32141           64              55399           844        249        6171       1013       291        19753      0.000000        0.000000        0               0.000000                  0               0               0.00000000000000000000              0               0               0               0              
263        0          __isoc99_fscanf                                     * 17         25923           0               45120           1304       481        4342       1889       563        16686      0.000000        0.000000        0               0.000000                  0               0               0.00000000000000000000              0               0               0               0              
264        0          _IO_vfscanf                                         * 17         24903           0               43556           864        318        4261       1937       389        16350      0.000000        0.000000        0               0.000000                  0               0               0.00000000000000000000              0               0               0               0              
268        0          __strtof_internal                                   * 16         13475           0               22483           506        8          3413       583        256        8872       0.000000        0.000000        0               0.000000                  0               0               0.00000000000000000000              0               0               0               0              
269        0          ____strtof_l_internal                               * 16         13427           0               22467           506        8          3413       583        256        8872       0.000000        0.000000        0               0.000000                  0               0               0.00000000000000000000              0               0               0               0              
271        0          str_to_mpn                                          * 32         3030            0               5457            705        624        1516       1201       624        1756       0.000000        0.000000        0               0.000000                  0               0               0.00000000000000000000              0               0               0               0              
120        7          _dl_runtime_resolve                                 * 3          2802            0               4559            230        41         625        318        291        1629       0.000000        0.000000        0               0.000000                  0               0               0.00000000000000000000              0               0               0               0              
121        7          _dl_fixup                                           * 3          2739            0               4505            214        41         513        294        291        1461       0.000000        0.000000        0               0.000000                  0               0               0.00000000000000000000              0               0               0               0              
71         8          _dl_lookup_symbol_x                                 * 3          2499            0               4118            230        45         457        362        47         1353       0.000000        0.000000        0               0.000000                  0               0               0.00000000000000000000              0               0               0               0              
72         8          do_lookup_x                                         * 3          2016            0               3456            151        19         293        249        35         1035       0.000000        0.000000        0               0.000000                  0               0               0.00000000000000000000              0               0               0               0              
245        0          fTranspose                                          * 1          8813            0               25816           2545       168        148        3361       181        160        0.000000        0.000000        0               0.000000                  0               0               0.00000000000000000000              0               0               0               0              
231        6          fFreeHandle                                         * 58         9437            0               14348           4948       2577       3340       7502       3684       7337       0.000000        0.000000        0               0.000000                  0               0               0.00000000000000000000              0               0               0               0              
152        12         free                                                * 58         9205            0               14174           4828       2577       3340       7038       3684       7337       0.000000        0.000000        0               0.000000                  0               0               0.00000000000000000000              0               0               0               0              
216        10         _int_free                                           * 58         8335            0               13014           4516       2729       3340       6726       3836       7337       0.000000        0.000000        0               0.000000                  0               0               0.00000000000000000000              0               0               0               0              
166        7          malloc_consolidate                                  * 6          2544            0               3301            2124       1580       1220       2785       1852       2230       0.000000        0.000000        0               0.000000                  0               0               0.00000000000000000000              0               0               0               0              
229        7          fSetArray                                           * 9          3719            0               8000            1204       2010       1172       1356       5093       1312       0.000000        0.000000        0               0.000000                  0               0               0.00000000000000000000              0               0               0               0              
230        15         fMallocHandle                                       * 9          2405            0               4154            1188       1302       992        1324       4109       1132       0.000000        0.000000        0               0.000000                  0               0               0.00000000000000000000              0               0               0               0              
159        23         malloc                                              * 9          2252            0               3938            1100       1226       880        1236       3833       988        0.000000        0.000000        0               0.000000                  0               0               0.00000000000000000000              0               0               0               0              
165        22         _int_malloc                                         * 9          1937            0               3452            992        1190       628        1128       3797       736        0.000000        0.000000        0               0.000000                  0               0               0.00000000000000000000              0               0               0               0              
142        0          sprintf                                             * 5          4201            0               5745            324        805        974        464        987        3170       0.000000        0.000000        0               0.000000                  0               0               0.00000000000000000000              0               0               0               0              
143        0          vsprintf                                            * 5          4096            0               5645            336        729        974        488        899        3170       0.000000        0.000000        0               0.000000                  0               0               0.00000000000000000000              0               0               0               0              
148        0          vfprintf                                            * 5          3441            0               4995            400        205        514        778        253        2694       0.000000        0.000000        0               0.000000                  0               0               0.00000000000000000000              0               0               0               0              
219        0          printf                                              * 1          2144            0               3312            103        336        590        103        408        1468       0.000000        0.000000        0               0.000000                  0               0               0.00000000000000000000              0               0               0               0              
148        1          vfprintf                                            * 1          2119            0               3291            127        272        590        147        324        1468       0.000000        0.000000        0               0.000000                  0               0               0.00000000000000000000              0               0               0               0              
120        1          _dl_runtime_resolve                                 * 2          1868            0               3045            248        119        638        276        143        1016       0.000000        0.000000        0               0.000000                  0               0               0.00000000000000000000              0               0               0               0              
121        1          _dl_fixup                                           * 2          1826            0               3009            212        119        551        240        143        910        0.000000        0.000000        0               0.000000                  0               0               0.00000000000000000000              0               0               0               0              
71         2          _dl_lookup_symbol_x                                 * 2          1666            0               2751            204        103        507        252        103        866        0.000000        0.000000        0               0.000000                  0               0               0.00000000000000000000              0               0               0               0              


Trimming tree.....
Func num   Func Inst  Function name                                        Numcalls   Instrs          Flops           Iops            Ipcomm_uq  Opcomm_uq  Local_uq   Ipcomm     Opcomm     Local      Comp_Comm_uniq  Comp_Comm       Est. Cyc        Est. Area                 Est. Dlmr time  Est. Dlmw time  Der. metr                           ip_offload      op_offload       data-ru-ipcomm   data-ru-local

Uppertree Software Time (Cycles): 2073342.000000      
Bottom nodes Software Time (Cycles): 11375968.000000     

244        0          fillFeatures                                        * 1          2282343         153824          7642893         7941       2536       2560       8125       3345       1303588    744.174572874   679.748648649   2303973         -14827852.411000          0               0               1.00071103056731058878              1240            396             0               0              
179        0          fread                                               * 34640      3742850         0               5406315         2073       879        1516       1408337    59767      3879836    1831.40752033   3.68251499894   3765230         -10337162.064000          13000           0               1.00358797433877011684              13323           137             0               0              
246        0          getANMS                                             * 1          267277          11088           692599          13357      1754       39846      18107      3116       94047      46.5678644696   33.1568110069   291707          401718.829000             0               300             1.00920647444734390419              2087            574             0               0              
251        0          calcPyrLKTrack                                      * 4          283685          9968            516074          28279      1169       11257      90839      1543       91013      17.8634202662   5.69420449871   308555          350452.125000             700             0               1.01748123477450813645              5118            182             0               0              
235        0          imageResize                                         * 5          524002          74810           1008239         38545      31329      4525       88608      68759      146035     15.5000286229   6.88231331855   542062          200343.503000             500             0               1.02151688978973309574              6522            4895            0               0              
240        0          calcSobel_dY                                        * 9          1144879         150192          2383702         42406      48437      24760      114612     278985     358724     27.8931122926   6.43778788964   1190289         -1507204.089000           0               14400           1.02461422674140978373              6625            21968           0               0              
268        0          __strtof_internal                                   * 16         13475           0               22483           506        8          3413       583        256        8872       43.7412451362   26.7973778308   23045           307527.439000             500             0               1.02583220888338644272              579             1               0               0              
228        0          imageBlur                                           * 5          1315525         193600          2710259         51935      113685     2545       233153     276608     360808     17.533262891    5.69651071777   1375265         -753439.115000            200             28800           1.04156215578862076931              8314            46563           0               0              
239        0          calcSobel_dX                                        * 9          895118          0               1898756         66889      29146      5232       194776     285347     339284     19.771499974    3.95472826755   960658          -655009.921000            100             25300           1.04390693573547288509              10551           29854           0               0              
245        0          fTranspose                                          * 1          8813            0               25816           2545       168        148        3361       181        160        9.51566531515   7.28853754941   9463            270784.817000             0               0               1.04689698566297084703              397             26              0               0              
243        0          fReshape                                            * 1          26120           0               86507           9269       9200       208        9461       10278      232        4.68390275597   4.38254217539   29570           597845.669000             0               0               1.10814561509319053911              1448            1437            0               0              
242        0          calcAreaSum                                         * 3          331254          3               940705          17416      39452      27192      18643      58636      135032     16.5419568123   12.1728800839   390824          755362.780000             0               43300           1.15410428602487824534              2721            49464           0               0              
163        0          _dl_addr                                            * 1          59450           0               110017          67         40         62         67         44         70         1028.19626168   991.144144144   172370          27945.153000              82700           0               1.92262901699428878644              82710           6               0               0              
