Function name                                        Numcalls   Instrs          Flops           Iops            Ipcomm_uq  Opcomm_uq  Local_uq   Ipcomm     Opcomm     Local      Comp_Comm_uniq  Comp_Comm       Est. Cyc        Est. Area                 Est. Dlmr time  Est. Dlmw time 

136        0          main                                                * 1          795191878       101372537       1563920216      811        374        3461160    1061       464        429151327  0.000000        0.000000        0               0.000000                  0               0               0.00000000000000000000              0               0               0               0              
264        0          generateSample                                      * 48         597394285       96288000        1168000456      291562     2364998    465928     192994050  3538770    385771452  0.000000        0.000000        0               0.000000                  0               0               0.00000000000000000000              0               0               0               0              
265        0          weightedSample                                      * 48         579555572       96288000        1112242799      212797     219408     403568     192023285  718375     384974800  0.000000        0.000000        0               0.000000                  0               0               0.00000000000000000000              0               0               0               0              
219        2          randWrapper                                         * 48         2045744         288000          4752323         14784      210864     7680       16640      404819     12528      0.000000        0.000000        0               0.000000                  0               0               0.00000000000000000000              0               0               0               0              
193        14         fSetArray                                           * 48         748928          0               1823363         14784      211056     6912       16640      596819     11760      0.000000        0.000000        0               0.000000                  0               0               0.00000000000000000000              0               0               0               0              
233        1          iSetArray                                           * 48         737364          0               1855500         6360       198455     7664       7320       199907     8416       0.000000        0.000000        0               0.000000                  0               0               0.00000000000000000000              0               0               0               0              
193        15         fSetArray                                           * 144        4223749         0               12125512        10840      2133609    10976      16656      5203941    30744      0.000000        0.000000        0               0.000000                  0               0               0.00000000000000000000              0               0               0               0              
248        0          quatRot                                             * 121        53102434        0               121751464       3706765    3642106    801476     4071409    5432830    1010089    0.000000        0.000000        0               0.000000                  0               0               0.00000000000000000000              0               0               0               0              
232        1          quatMul                                             * 242        28864650        0               54786327        5283129    3078314    672220     5304609    3906302    678200     0.000000        0.000000        0               0.000000                  0               0               0.00000000000000000000              0               0               0               0              
193        9          fSetArray                                           * 242        8044422         0               23561793        30853      4148942    21404      36321      4924690    27384      0.000000        0.000000        0               0.000000                  0               0               0.00000000000000000000              0               0               0               0              
247        1          quatConj                                            * 121        7905322         0               20998160        658645     2305040    19960      662837     2305504    20248      0.000000        0.000000        0               0.000000                  0               0               0.00000000000000000000              0               0               0               0              
193        10         fSetArray                                           * 121        4029692         0               11801797        15113      3598480    15120      19305      3599424    15408      0.000000        0.000000        0               0.000000                  0               0               0.00000000000000000000              0               0               0               0              
249        0          fHorzcat                                            * 121        6874780         0               19614288        1903132    1466456    51812      2718824    1476700    199332     0.000000        0.000000        0               0.000000                  0               0               0.00000000000000000000              0               0               0               0              
193        8          fSetArray                                           * 242        5134539         0               13873133        26420      2346565    29120      28214      3801934    31212      0.000000        0.000000        0               0.000000                  0               0               0.00000000000000000000              0               0               0               0              
237        0          randnWrapper                                        * 81         59493849        3483000         90796251        393071     976981     16081      1993601    1017409    29171029   0.000000        0.000000        0               0.000000                  0               0               0.00000000000000000000              0               0               0               0              
240        0          log                                                 * 243000     45861390        729000          59898042        648        0          5192       1944000    0          27216000   0.000000        0.000000        0               0.000000                  0               0               0.00000000000000000000              0               0               0               0              
241        0          __ieee754_log                                       * 243000     38814390        729000          50664042        1944000    0          3896       1944000    0          21384000   0.000000        0.000000        0               0.000000                  0               0               0.00000000000000000000              0               0               0               0              
242        0          isnan                                               * 243000     1701000         0               1458000         1944000    0          0          1944000    0          0          0.000000        0.000000        0               0.000000                  0               0               0.00000000000000000000              0               0               0               0              
193        5          fSetArray                                           * 81         2208773         0               6271643         14339      598669     6712       175019     2090933    7376       0.000000        0.000000        0               0.000000                  0               0               0.00000000000000000000              0               0               0               0              
244        0          fMtimes                                             * 199        17644444        0               42064895        804745     2612599    32540      9128106    3036201    3386856    0.000000        0.000000        0               0.000000                  0               0               0.00000000000000000000              0               0               0               0              
250        0          mcl                                                 * 48         18063539        576240          36356785        714283     971119     838954     1178578    194485315  5221818    0.000000        0.000000        0               0.000000                  0               0               0.00000000000000000000              0               0               0               0              
251        0          get3DGaussianProb                                   * 48         15264855        576240          28307093        568772     1149879    820268     1666810    2941039    5199656    0.000000        0.000000        0               0.000000                  0               0               0.00000000000000000000              0               0               0               0              
244        1          fMtimes                                             * 48         3861589         0               9208941         200088     527508     7756       2088232    529728     528412     0.000000        0.000000        0               0.000000                  0               0               0.00000000000000000000              0               0               0               0              
261        0          exp                                                 * 48000      6336000         0               8064000         384        0          770112     384000     0          4032000    0.000000        0.000000        0               0.000000                  0               0               0.00000000000000000000              0               0               0               0              
262        0          __ieee754_exp                                       * 48000      4896000         0               5328000         384000     0          385344     384000     0          2496000    0.000000        0.000000        0               0.000000                  0               0               0.00000000000000000000              0               0               0               0              
258        1          finite                                              * 48000      336000          0               816000          384000     0          384000     384000     0          384000     0.000000        0.000000        0               0.000000                  0               0               0.00000000000000000000              0               0               0               0              
219        1          randWrapper                                         * 48         2033419         288000          4734812         7132       197688     7168       7788       198688     8008       0.000000        0.000000        0               0.000000                  0               0               0.00000000000000000000              0               0               0               0              
193        12         fSetArray                                           * 48         736603          0               1805852         7132       197880     6400       7788       390688     7240       0.000000        0.000000        0               0.000000                  0               0               0.00000000000000000000              0               0               0               0              
193        11         fSetArray                                           * 96         1474091         0               3613905         15304      565028     11248      17428      1556228    12444      0.000000        0.000000        0               0.000000                  0               0               0.00000000000000000000              0               0               0               0              
252        0          fMinus                                              * 48         795480          0               1325009         1046408    754696     7756       1047256    2353120    8404       0.000000        0.000000        0               0.000000                  0               0               0.00000000000000000000              0               0               0               0              
245        1          fDeepCopy                                           * 48         1720190         0               4942740         535657     400886     6714       729142     1230202    7430       0.000000        0.000000        0               0.000000                  0               0               0.00000000000000000000              0               0               0               0              
263        0          fSum                                                * 48         298390          0               976552          196656     3600       7428       196976     4096       7500       0.000000        0.000000        0               0.000000                  0               0               0.00000000000000000000              0               0               0               0              
245        0          fDeepCopy                                           * 199        7928451         0               23230512        2451334    2654988    130624     3274862    4592930    263436     0.000000        0.000000        0               0.000000                  0               0               0.00000000000000000000              0               0               0               0              
247        0          quatConj                                            * 81         5294000         0               14058959        1254585    1159272    12000      1313309    1168029    13120      0.000000        0.000000        0               0.000000                  0               0               0.00000000000000000000              0               0               0               0              
193        7          fSetArray                                           * 81         2699570         0               7902716         14581      1159596    8760       16665      1168353    9880       0.000000        0.000000        0               0.000000                  0               0               0.00000000000000000000              0               0               0               0              
232        0          quatMul                                             * 40         4783265         0               9072974         737655     651961     8981       747288     678710     10642      0.000000        0.000000        0               0.000000                  0               0               0.00000000000000000000              0               0               0               0              
193        4          fSetArray                                           * 40         1341905         0               3911894         13831      1177005    7061       15464      1203910    8722       0.000000        0.000000        0               0.000000                  0               0               0.00000000000000000000              0               0               0               0              
249        1          fHorzcat                                            * 39         2231541         0               6369714         627315     833125     5616       939315     838758     5772       0.000000        0.000000        0               0.000000                  0               0               0.00000000000000000000              0               0               0               0              
267        0          fPlus                                               * 200        3659240         0               6092120         2955560    1356312    608960     3593000    1700773    1261440    0.000000        0.000000        0               0.000000                  0               0               0.00000000000000000000              0               0               0               0              
268        0          fSum2                                               * 39         1881009         0               5005338         473655     1872       3744       629655     2351       159744     0.000000        0.000000        0               0.000000                  0               0               0.00000000000000000000              0               0               0               0              
193        16         fSetArray                                           * 39         593073          0               1455168         5343       2028       2652       5343       2507       2808       0.000000        0.000000        0               0.000000                  0               0               0.00000000000000000000              0               0               0               0              
277        0          sinf                                                * 39000      3422679         79560           4790253         312        0          624        312000     0          544752     0.000000        0.000000        0               0.000000                  0               0               0.00000000000000000000              0               0               0               0              
273        1          __ieee754_rem_pio2f                                 * 34047      1438203         79560           2248155         272376     312        624        272376     272376     544752     0.000000        0.000000        0               0.000000                  0               0               0.00000000000000000000              0               0               0               0              
272        1          __kernel_cosf                                       * 20163      692094          0               552630          161304     0          0          161304     0          0          0.000000        0.000000        0               0.000000                  0               0               0.00000000000000000000              0               0               0               0              
274        1          __kernel_sinf                                       * 18837      521508          0               357903          111384     0          0          150696     0          0          0.000000        0.000000        0               0.000000                  0               0               0.00000000000000000000              0               0               0               0              
271        0          cosf                                                * 39000      3455086         79560           4777440         312        0          624        312000     0          544752     0.000000        0.000000        0               0.000000                  0               0               0.00000000000000000000              0               0               0               0              
273        0          __ieee754_rem_pio2f                                 * 34047      1438203         79560           2248155         272376     312        624        272376     272376     544752     0.000000        0.000000        0               0.000000                  0               0               0.00000000000000000000              0               0               0               0              
272        0          __kernel_cosf                                       * 18837      645682          0               514623          111384     0          0          150696     0          0          0.000000        0.000000        0               0.000000                  0               0               0.00000000000000000000              0               0               0               0              
274        0          __kernel_sinf                                       * 20163      584727          0               383097          161304     0          0          161304     0          0          0.000000        0.000000        0               0.000000                  0               0               0.00000000000000000000              0               0               0               0              
193        1          fSetArray                                           * 227        1432299         0               3517756         25529      632881     20312      185888     3189200    29656      0.000000        0.000000        0               0.000000                  0               0               0.00000000000000000000              0               0               0               0              
252        1          fMinus                                              * 40         740296          0               1229560         973168     2083904    8320       974608     2405760    9280       0.000000        0.000000        0               0.000000                  0               0               0.00000000000000000000              0               0               0               0              
278        0          ffDivide                                            * 39         710619          0               1182909         939323     471284     5140       939479     471635     5140       0.000000        0.000000        0               0.000000                  0               0               0.00000000000000000000              0               0               0               0              
279        0          fTimes                                              * 39         710619          0               1182909         939627     470496     4836       939783     626808     4836       0.000000        0.000000        0               0.000000                  0               0               0.00000000000000000000              0               0               0               0              
150        0          readFile                                            * 1          656897          0               1173563         488        82728      78426      569        104576     376743     0.000000        0.000000        0               0.000000                  0               0               0.00000000000000000000              0               0               0               0              
176        0          __isoc99_fscanf                                     * 442        581367          0               1030073         231        203        76470      3778       2706       373708     0.000000        0.000000        0               0.000000                  0               0               0.00000000000000000000              0               0               0               0              
177        0          _IO_vfscanf                                         * 442        554847          0               989409          5582       2791       71154      23177      6168       357816     0.000000        0.000000        0               0.000000                  0               0               0.00000000000000000000              0               0               0               0              
197        0          __strtof_internal                                   * 440        264778          0               450311          8235       19         56577      11386      7059       160616     0.000000        0.000000        0               0.000000                  0               0               0.00000000000000000000              0               0               0               0              
198        0          ____strtof_l_internal                               * 440        263458          0               449871          8235       19         56577      11386      7059       160616     0.000000        0.000000        0               0.000000                  0               0               0.00000000000000000000              0               0               0               0              
290        0          fSelfCheck                                          * 1          442199          1056            803410          1956       448        50709      6333       663        253365     0.000000        0.000000        0               0.000000                  0               0               0.00000000000000000000              0               0               0               0              
176        1          __isoc99_fscanf                                     * 265        421124          0               761692          13112      6420       46861      21604      7491       248797     0.000000        0.000000        0               0.000000                  0               0               0.00000000000000000000              0               0               0               0              
177        1          _IO_vfscanf                                         * 265        405224          0               737312          5728       4278       45788      22644      5341       243501     0.000000        0.000000        0               0.000000                  0               0               0.00000000000000000000              0               0               0               0              
197        1          __strtof_internal                                   * 264        198065          0               350874          7392       8          36997      9861       4224       114658     0.000000        0.000000        0               0.000000                  0               0               0.00000000000000000000              0               0               0               0              
198        1          ____strtof_l_internal                               * 264        197273          0               350610          7392       8          36997      9861       4224       114658     0.000000        0.000000        0               0.000000                  0               0               0.00000000000000000000              0               0               0               0              
224        0          eul2quat                                            * 2          332897          32032           662972          12503      386        17559      24786      8497       287073     0.000000        0.000000        0               0.000000                  0               0               0.00000000000000000000              0               0               0               0              
225        0          fDeepCopyRange                                      * 6          61317           0               194094          12301      292        308        24451      343        812        0.000000        0.000000        0               0.000000                  0               0               0.00000000000000000000              0               0               0               0              
219        0          randWrapper                                         * 2          134450          22000           320660          170        100        212        170        125        232        0.000000        0.000000        0               0.000000                  0               0               0.00000000000000000000              0               0               0               0              
220        0          fFreeHandle                                         * 1684       202851          0               325901          89425      80225      80946      127405     2486935    174441     0.000000        0.000000        0               0.000000                  0               0               0.00000000000000000000              0               0               0               0              
149        2          free                                                * 1684       195233          0               319418          89277      76549      80632      127233     2475617    173944     0.000000        0.000000        0               0.000000                  0               0               0.00000000000000000000              0               0               0               0              
218        1          _int_free                                           * 1684       169973          0               285738          79013      79757      80632      116969     2478825    173944     0.000000        0.000000        0               0.000000                  0               0               0.00000000000000000000              0               0               0               0              


Trimming tree.....
Func num   Func Inst  Function name                                        Numcalls   Instrs          Flops           Iops            Ipcomm_uq  Opcomm_uq  Local_uq   Ipcomm     Opcomm     Local      Comp_Comm_uniq  Comp_Comm       Est. Cyc        Est. Area                 Est. Dlmr time  Est. Dlmw time  Der. metr                           ip_offload      op_offload       data-ru-ipcomm   data-ru-local

Uppertree Software Time (Cycles): 42402433.000000     
Bottom nodes Software Time (Cycles): 701372856.000000    

265        0          weightedSample                                      * 48         579555572       96288000        1112242799      212797     219408     403568     192023285  718375     384974800  2796.19809812   6.27021059692   580706012       -2369016828.899000        0               0               1.00011630650323701808              33249           34282           0               0              
240        0          log                                                 * 243000     45861390        729000          59898042        648        0          5192       1944000    0          27216000   93560.25        31.18675        48185770        -119635405.480000         20500           0               1.00042772091398513012              20601           0               0               0              
261        0          exp                                                 * 48000      6336000         0               8064000         384        0          770112     384000     0          4032000    21000.0         21.0            6420340         6061595.392000            14300           0               1.00224165545318588677              14360           0               0               0              
248        0          quatRot                                             * 121        53102434        0               121751464       3706765    3642106    801476     4071409    5432830    1010089    16.5673698722   12.8102275206   57071394        -10359536.601000          0               137800          1.02305374955655969949              579182          706879          0               0              
268        0          fSum2                                               * 39         1881009         0               5005338         473655     1872       3744       629655     2351       159744     10.5258755023   7.91976341997   1943289         3882776.827000            0               0               1.03975472152683967586              74008           292             0               0              
263        0          fSum                                                * 48         298390          0               976552          196656     3600       7428       196976     4096       7500       4.87651805689   4.85672793825   304160          4180107.508000            0               0               1.11466998937222849797              30727           562             0               0              
267        0          fPlus                                               * 200        3659240         0               6092120         2955560    1356312    608960     3593000    1700773    1261440    1.41287125406   1.15080869542   4579620         127324968.864000          0               0               1.17249077674998525289              461806          211923          0               0              
278        0          ffDivide                                            * 39         710619          0               1182909         939323     471284     5140       939479     471635     5140       0.838581546809  0.83828025234   867969          37931918.099000           0               0               1.34036503184325161975              146769          73638           0               0              
279        0          fTimes                                              * 39         710619          0               1182909         939627     470496     4836       939783     626808     4836       0.838869375225  0.75508476686   863079          37909635.823000           0               0               1.34279681171346854107              146816          73515           0               0              
