Function name                                        Numcalls   Instrs          Flops           Iops            Ipcomm_uq  Opcomm_uq  Local_uq   Ipcomm     Opcomm     Local      Comp_Comm_uniq  Comp_Comm       Est. Cyc        Est. Area                 Est. Dlmr time  Est. Dlmw time 

136        0          main                                                * 1          721560155       39471           1313888071      1033       635        86648258   7644       827        456478748  0.000000        0.000000        0               0.000000                  0               0               0.00000000000000000000              0               0               0               0              
165        0          readFile                                            * 4          691739401       0               1229299538      1121       336814     84555937   1864       495137     452987251  0.000000        0.000000        0               0.000000                  0               0               0.00000000000000000000              0               0               0               0              
191        0          __isoc99_fscanf                                     * 562696     680941680       0               1202646962      4888288    493        84552149   20338341   4257637    452974393  0.000000        0.000000        0               0.000000                  0               0               0.00000000000000000000              0               0               0               0              
192        0          _IO_vfscanf                                         * 562696     647179920       0               1150878930      9197459    3376485    77799746   37766788   8759005    432717417  0.000000        0.000000        0               0.000000                  0               0               0.00000000000000000000              0               0               0               0              
207        0          __strtof_internal                                   * 562688     273075166       0               455309457       6391427    44         59792254   14758657   9003028    178732968  0.000000        0.000000        0               0.000000                  0               0               0.00000000000000000000              0               0               0               0              
208        0          ____strtof_l_internal                               * 562688     271387102       0               454746769       6391427    44         59792254   14758657   9003028    178732968  0.000000        0.000000        0               0.000000                  0               0               0.00000000000000000000              0               0               0               0              
210        0          str_to_mpn                                          * 562613     33313702        0               43889615        9946770    12343528   24512230   18948550   15781168   31506261   0.000000        0.000000        0               0.000000                  0               0               0.00000000000000000000              0               0               0               0              
212        0          round_and_return                                    * 562613     20395005        0               40157042        5951940    0          20254080   9001820    0          20816669   0.000000        0.000000        0               0.000000                  0               0               0.00000000000000000000              0               0               0               0              
213        0          __mpn_construct_float                               * 562613     6188743         0               18003616        5951928    0          2250452    9001808    0          2250452    0.000000        0.000000        0               0.000000                  0               0               0.00000000000000000000              0               0               0               0              
211        0          __mpn_lshift                                        * 701516     10522740        0               14731836        10065068   2715360    0          11224252   5612128    0          0.000000        0.000000        0               0.000000                  0               0               0.00000000000000000000              0               0               0               0              
209        0          __GI_strlen                                         * 562688     7877632         0               14629888        4500904    0          0          4501504    0          0          0.000000        0.000000        0               0.000000                  0               0               0.00000000000000000000              0               0               0               0              
214        0          memcpy                                              * 264385     4758930         0               10311015        3118936    3226296    0          3118936    3226296    0          0.000000        0.000000        0               0.000000                  0               0               0.00000000000000000000              0               0               0               0              
215        0          __mpn_mul                                           * 125482     6274100         0               6148618         2007724    1003864    6023148    2007724    1003872    7026984    0.000000        0.000000        0               0.000000                  0               0               0.00000000000000000000              0               0               0               0              
216        0          __mpn_mul_1                                         * 125482     1882230         0               2384158         15         1003856    0          1003856    1003856    0          0.000000        0.000000        0               0.000000                  0               0               0.00000000000000000000              0               0               0               0              
200        0          _IO_sputbackc                                       * 1125392    16880880        0               28134800        13504965   13504796   6752384    25307101   14630216   13504676   0.000000        0.000000        0               0.000000                  0               0               0.00000000000000000000              0               0               0               0              
203        0          fSetArray                                           * 4          3397882         0               11294171        380        67935      834        404        351695     8865       0.000000        0.000000        0               0.000000                  0               0               0.00000000000000000000              0               0               0               0              
230        0          getAlphaFromTrainSet                                * 1          20458648        32351           57119073        240027     34892      1480898    354602     793051     2445834    0.000000        0.000000        0               0.000000                  0               0               0.00000000000000000000              0               0               0               0              
237        0          examineExample                                      * 433        19889154        31697           55413459        881459     2396       1444155    4247203    8688       2395095    0.000000        0.000000        0               0.000000                  0               0               0.00000000000000000000              0               0               0               0              
238        0          cal_learned_func                                    * 302        16271622        15880           45475289        485499     10318      1148436    3633327    11937      1894058    0.000000        0.000000        0               0.000000                  0               0               0.00000000000000000000              0               0               0               0              
240        1          polynomial                                          * 1554       10093178        6216            28555015        558078     145966     687196     3712718    236792     914976     0.000000        0.000000        0               0.000000                  0               0               0.00000000000000000000              0               0               0               0              
241        1          fMtimes                                             * 1554       4488444         0               12105459        401500     162620     170376     3478800    186608     176536     0.000000        0.000000        0               0.000000                  0               0               0.00000000000000000000              0               0               0               0              
204        12         fMallocHandle                                       * 1554       430950          0               832743          233960     162620     89600      265096     186608     95760      0.000000        0.000000        0               0.000000                  0               0               0.00000000000000000000              0               0               0               0              
171        16         malloc                                              * 1554       404532          0               795447          221528     143972     64736      252664     167960     70896      0.000000        0.000000        0               0.000000                  0               0               0.00000000000000000000              0               0               0               0              
177        16         _int_malloc                                         * 1554       350142          0               711531          168664     137756     43008      199800     161744     49168      0.000000        0.000000        0               0.000000                  0               0               0.00000000000000000000              0               0               0               0              
244        1          pow                                                 * 1554       521600          0               639160          38136      9408       199836     38136      9408       359688     0.000000        0.000000        0               0.000000                  0               0               0.00000000000000000000              0               0               0               0              
245        1          __ieee754_pow                                       * 1554       439238          0               499300          38136      9408       137676     38136      9408       260232     0.000000        0.000000        0               0.000000                  0               0               0.00000000000000000000              0               0               0               0              
233        3          fFreeHandle                                         * 3108       309246          0               486402          162008     69926      149184     253302     136748     198912     0.000000        0.000000        0               0.000000                  0               0               0.00000000000000000000              0               0               0               0              
157        6          free                                                * 3108       296814          0               477078          149576     69926      149184     228438     136748     198912     0.000000        0.000000        0               0.000000                  0               0               0.00000000000000000000              0               0               0               0              
228        4          _int_free                                           * 3108       250194          0               414918          124712     69926      149184     203574     136748     198912     0.000000        0.000000        0               0.000000                  0               0               0.00000000000000000000              0               0               0               0              
204        11         fMallocHandle                                       * 1554       303030          0               483294          200662     124192     80808      200858     168718     92848      0.000000        0.000000        0               0.000000                  0               0               0.00000000000000000000              0               0               0               0              
171        15         malloc                                              * 1554       276612          0               445998          175798     112056     55944      175994     150514     67984      0.000000        0.000000        0               0.000000                  0               0               0.00000000000000000000              0               0               0               0              
177        15         _int_malloc                                         * 1554       222222          0               362082          107422     105840     49728      107618     144298     61768      0.000000        0.000000        0               0.000000                  0               0               0.00000000000000000000              0               0               0               0              
204        10         fMallocHandle                                       * 3108       666354          0               1094906         156938     254644     167784     214500     311566     391272     0.000000        0.000000        0               0.000000                  0               0               0.00000000000000000000              0               0               0               0              
171        14         malloc                                              * 3108       613518          0               1020314         144506     241820     142920     189572     274270     341544     0.000000        0.000000        0               0.000000                  0               0               0.00000000000000000000              0               0               0               0              
177        14         _int_malloc                                         * 3108       504738          0               852482          119570     235604     111640     158480     268054     248316     0.000000        0.000000        0               0.000000                  0               0               0.00000000000000000000              0               0               0               0              
157        7          free                                                * 3108       616938          0               885780          217163     137524     289464     360948     167578     526386     0.000000        0.000000        0               0.000000                  0               0               0.00000000000000000000              0               0               0               0              
228        5          _int_free                                           * 3108       570318          0               823620          204731     149956     289464     348516     180010     526386     0.000000        0.000000        0               0.000000                  0               0               0.00000000000000000000              0               0               0               0              
178        4          malloc_consolidate                                  * 1554       233100          0               256410          134801     100076     90552      160482     130130     195384     0.000000        0.000000        0               0.000000                  0               0               0.00000000000000000000              0               0               0               0              
239        0          takeStep                                            * 114        3584624         10476           9871743         416589     17839      295107     667896     51879      470289     0.000000        0.000000        0               0.000000                  0               0               0.00000000000000000000              0               0               0               0              
238        1          cal_learned_func                                    * 164        2106322         6044            5882225         274797     9088       157748     494855     10252      243731     0.000000        0.000000        0               0.000000                  0               0               0.00000000000000000000              0               0               0               0              
240        2          polynomial                                          * 199        1288441         796             3644517         156803     19419      87320      476025     30908      116488     0.000000        0.000000        0               0.000000                  0               0               0.00000000000000000000              0               0               0               0              
241        2          fMtimes                                             * 199        570732          0               1538071         135836     21412      21420      445876     24332      22156      0.000000        0.000000        0               0.000000                  0               0               0.00000000000000000000              0               0               0               0              
204        13         fMallocHandle                                       * 398        86204           0               141107          24671      33475      22844      31971      40520      47428      0.000000        0.000000        0               0.000000                  0               0               0.00000000000000000000              0               0               0               0              
171        17         malloc                                              * 398        79438           0               131555          23079      31499      19660      28459      35744      41060      0.000000        0.000000        0               0.000000                  0               0               0.00000000000000000000              0               0               0               0              
240        0          polynomial                                          * 168        1110850         672             3107973         259171     13560      84686      384351     34216      112948     0.000000        0.000000        0               0.000000                  0               0               0.00000000000000000000              0               0               0               0              
241        0          fMtimes                                             * 168        482304          0               1299912         199296     23820      17472      377200     26196      17920      0.000000        0.000000        0               0.000000                  0               0               0.00000000000000000000              0               0               0               0              
231        0          usps_read_partial                                   * 9          548964          0               1666185         9292       662276     34991      11587      4614010    42139      0.000000        0.000000        0               0.000000                  0               0               0.00000000000000000000              0               0               0               0              
236        0          ffVertcat                                           * 63         276311          0               850470          35499      26380      8104       91431      51733      8164       0.000000        0.000000        0               0.000000                  0               0               0.00000000000000000000              0               0               0               0              
232        0          fDeepCopy                                           * 80         192081          0               604789          29452      624236     9736       54600      4570396    10380      0.000000        0.000000        0               0.000000                  0               0               0.00000000000000000000              0               0               0               0              
240        3          polynomial                                          * 736        4659970         2944            13257540        207392     41964      312428     1731824    79504      438652     0.000000        0.000000        0               0.000000                  0               0               0.00000000000000000000              0               0               0               0              
241        3          fMtimes                                             * 736        2005600         0               5467008         135968     25032      69184      1623616    30920      69184      0.000000        0.000000        0               0.000000                  0               0               0.00000000000000000000              0               0               0               0              
244        3          pow                                                 * 736        246914          0               302468          7364       4416       81324      7364       4416       181052     0.000000        0.000000        0               0.000000                  0               0               0.00000000000000000000              0               0               0               0              
245        3          __ieee754_pow                                       * 736        207906          0               236228          7364       4416       51884      7364       4416       133948     0.000000        0.000000        0               0.000000                  0               0               0.00000000000000000000              0               0               0               0              
233        8          fFreeHandle                                         * 1472       146464          0               230368          76552      33120      70656      119968     64772      94208      0.000000        0.000000        0               0.000000                  0               0               0.00000000000000000000              0               0               0               0              
157        14         free                                                * 1472       140576          0               225952          70664      33120      70656      108192     64772      94208      0.000000        0.000000        0               0.000000                  0               0               0.00000000000000000000              0               0               0               0              
228        12         _int_free                                           * 1472       118496          0               196512          58888      33120      70656      96416      64772      94208      0.000000        0.000000        0               0.000000                  0               0               0.00000000000000000000              0               0               0               0              
204        22         fMallocHandle                                       * 736        143520          0               228896          74336      54464      50048      74336      75800      52992      0.000000        0.000000        0               0.000000                  0               0               0.00000000000000000000              0               0               0               0              
171        26         malloc                                              * 736        131008          0               211232          68448      48576      38272      68448      66968      41216      0.000000        0.000000        0               0.000000                  0               0               0.00000000000000000000              0               0               0               0              
177        26         _int_malloc                                         * 736        105248          0               171488          59616      45632      17664      59616      64024      20608      0.000000        0.000000        0               0.000000                  0               0               0.00000000000000000000              0               0               0               0              
249        0          fDeepCopyRange                                      * 1472       3761108         0               11939907        108951     129221     115825     1607769    1629669    254402     0.000000        0.000000        0               0.000000                  0               0               0.00000000000000000000              0               0               0               0              
204        21         fMallocHandle                                       * 1472       318100          0               521603          70295      106597     86385      94553      125285     195522     0.000000        0.000000        0               0.000000                  0               0               0.00000000000000000000              0               0               0               0              
171        25         malloc                                              * 1472       293076          0               486275          61527      100701     83249      82777      107621     171970     0.000000        0.000000        0               0.000000                  0               0               0.00000000000000000000              0               0               0               0              
177        25         _int_malloc                                         * 1472       241556          0               406787          55575      97757      65521      68057      104677     127810     0.000000        0.000000        0               0.000000                  0               0               0.00000000000000000000              0               0               0               0              
231        1          usps_read_partial                                   * 10         551881          16              1673167         8111       23631      37621      12297      761105     45658      0.000000        0.000000        0               0.000000                  0               0               0.00000000000000000000              0               0               0               0              
236        1          ffVertcat                                           * 70         277162          0               853467          36123      28872      9212       95075      63665      9264       0.000000        0.000000        0               0.000000                  0               0               0.00000000000000000000              0               0               0               0              
232        2          fDeepCopy                                           * 89         192957          0               608032          34084      43270      10652      68568      833054     11516      0.000000        0.000000        0               0.000000                  0               0               0.00000000000000000000              0               0               0               0              
233        7          fFreeHandle                                         * 1507       294716          0               417802          91724      79353      137246     161113     87490      251777     0.000000        0.000000        0               0.000000                  0               0               0.00000000000000000000              0               0               0               0              
157        13         free                                                * 1507       288688          0               413281          85756      79353      137246     149057     87490      251777     0.000000        0.000000        0               0.000000                  0               0               0.00000000000000000000              0               0               0               0              
228        11         _int_free                                           * 1503       265993          0               383041          79632      85265      137226     142909     93402      251717     0.000000        0.000000        0               0.000000                  0               0               0.00000000000000000000              0               0               0               0              


Trimming tree.....
Func num   Func Inst  Function name                                        Numcalls   Instrs          Flops           Iops            Ipcomm_uq  Opcomm_uq  Local_uq   Ipcomm     Opcomm     Local      Comp_Comm_uniq  Comp_Comm       Est. Cyc        Est. Area                 Est. Dlmr time  Est. Dlmw time  Der. metr                           ip_offload      op_offload       data-ru-ipcomm   data-ru-local

Uppertree Software Time (Cycles): 652329084.000000    
Bottom nodes Software Time (Cycles): 318487864.000000    

207        0          __strtof_internal                                   * 562688     273075166       0               455309457       6391427    44         59792254   14758657   9003028    178732968  71.237037139    19.1614970487   293540610       970205466.965000          600             0               1.00341581581145677937              999260          6               0               0              
249        0          fDeepCopyRange                                      * 1472       3761108         0               11939907        108951     129221     115825     1607769    1629669    254402     50.1314470215   3.68807279089   3791898         -13390042.691000          0               0               1.00991145425734774044              17023           20190           0               0              
239        0          takeStep                                            * 114        3584624         10476           9871743         416589     17839      295107     667896     51879      470289     22.7476566888   13.729594665    3653364         1303267.575000            2800            0               1.01972804820909956902              67892           2787            0               0              
171        16         malloc                                              * 1554       404532          0               795447          221528     143972     64736      252664     167960     70896      2.1763255814    1.89111177679   441260          10831798.312000           0               3100            1.15800886037124328709              34613           25595           0               0              
200        0          _IO_sputbackc                                       * 1125392    16880880        0               28134800        13504965   13504796   6752384    25307101   14630216   13504676   1.04165305276   0.704473963536  16881670        899226270.165000          0               0               1.33331834354200240433              2110150         2110124         0               0              
