Function name                                        Numcalls   Instrs          Flops           Iops            Ipcomm_uq  Opcomm_uq  Local_uq   Ipcomm     Opcomm     Local      Comp_Comm_uniq  Comp_Comm       Est. Cyc        Est. Area                 Est. Dlmr time  Est. Dlmw time 

136        0          main                                                * 1          671698323       27170056        1798149681      654        682        21741065   841        4867149    236214231  0.000000        0.000000        0               0.000000                  0               0               0.00000000000000000000              0               0               0               0              
215        0          getDisparity                                        * 1          531923797       27170056        1568555291      1490       4092622    16103014   5968       4277366    119098605  0.000000        0.000000        0               0.000000                  0               0               0.00000000000000000000              0               0               0               0              
220        0          correlateSAD_2D                                     * 64         439167958       13639680        1275269466      3308       6839524    15931238   83064      25932020   92189589   0.000000        0.000000        0               0.000000                  0               0               0.00000000000000000000              0               0               0               0              
223        0          integralImage2D2D                                   * 64         129738240       0               375174272       4191848    9328480    12574024   29767500   90929472   78672028   0.000000        0.000000        0               0.000000                  0               0               0.00000000000000000000              0               0               0               0              
224        0          finalSAD                                            * 64         130191104       0               357815040       9328808    6840184    3344216    90929476   26080932   13424316   0.000000        0.000000        0               0.000000                  0               0               0.00000000000000000000              0               0               0               0              
222        0          computeSAD                                          * 64         95705984        13639680        314149440       10797852   4191352    1792       26929176   29767004   77128      0.000000        0.000000        0               0.000000                  0               0               0.00000000000000000000              0               0               0               0              
221        0          padarray4                                           * 64         56236480        0               187187968       1028       4043392    1536       152160     11924584   1536       0.000000        0.000000        0               0.000000                  0               0               0.00000000000000000000              0               0               0               0              
228        0          findDisparity                                       * 64         86488284        13530376        272014928       6970900    4093429    170756     26134832   4278357    26897024   0.000000        0.000000        0               0.000000                  0               0               0.00000000000000000000              0               0               0               0              
219        0          padarray2                                           * 2          3116288         0               10583958        149        608        220        2556       77412      4352       0.000000        0.000000        0               0.000000                  0               0               0.00000000000000000000              0               0               0               0              
218        1          iSetArray                                           * 2          1284562         0               4486352         125        76         172        188        408        2296       0.000000        0.000000        0               0.000000                  0               0               0.00000000000000000000              0               0               0               0              
216        0          fSetArray                                           * 3          1895670         0               6306026         230        131304     256        290        138128     3364       0.000000        0.000000        0               0.000000                  0               0               0.00000000000000000000              0               0               0               0              
218        0          iSetArray                                           * 3          1253631         0               4377796         234        176        256        300        65160      1348       0.000000        0.000000        0               0.000000                  0               0               0.00000000000000000000              0               0               0               0              
241        0          selfCheck                                           * 1          68524739        0               127256433       4092700    268        5632130    4277680    328        48716425   0.000000        0.000000        0               0.000000                  0               0               0.00000000000000000000              0               0               0               0              
247        0          __isoc99_fscanf                                     * 101377     61422930        0               109912734       5677229    2289800    4819299    5677237    2958248    47902412   0.000000        0.000000        0               0.000000                  0               0               0.00000000000000000000              0               0               0               0              
248        0          _IO_vfscanf                                         * 101377     55340310        0               100586050       3649729    2002458    4413770    7704761    2932722    45874884   0.000000        0.000000        0               0.000000                  0               0               0.00000000000000000000              0               0               0               0              
252        0          __strtol_internal                                   * 101376     11357108        0               19606826        1718516    8          811060     1829654    811008     7299068    0.000000        0.000000        0               0.000000                  0               0               0.00000000000000000000              0               0               0               0              
253        0          ____strtol_l_internal                               * 101376     11052980        0               19505450        907508     8          811060     1018646    811008     7299068    0.000000        0.000000        0               0.000000                  0               0               0.00000000000000000000              0               0               0               0              
251        0          _IO_sputbackc                                       * 202752     3041280         0               5068800         2433060    3041264    1216520    3768156    3446768    2433012    0.000000        0.000000        0               0.000000                  0               0               0.00000000000000000000              0               0               0               0              
244        0          feof                                                * 101378     3548230         0               7806106         3911452    1622064    811024     4578808    1622112    811024     0.000000        0.000000        0               0.000000                  0               0               0.00000000000000000000              0               0               0               0              
150        0          readImage                                           * 2          71242116        0               102326335       538        1794       3530       713        4872780    68394447   0.000000        0.000000        0               0.000000                  0               0               0.00000000000000000000              0               0               0               0              
176        0          fread                                               * 608288     65695548        0               94893538        531        233        528        21898515   1016908    68128288   0.000000        0.000000        0               0.000000                  0               0               0.00000000000000000000              0               0               0               0              
177        0          _IO_sgetn                                           * 608288     31631420        0               43797346        443        173        336        12165967   1016968    34064224   0.000000        0.000000        0               0.000000                  0               0               0.00000000000000000000              0               0               0               0              
178        0          _IO_file_xsgetn                                     * 608288     29806556        0               42580770        419        173        336        9732815    1016968    34064224   0.000000        0.000000        0               0.000000                  0               0               0.00000000000000000000              0               0               0               0              
190        0          memcpy                                              * 608288     10949194        0               24939808        148        53         0          4866496    1016664    0          0.000000        0.000000        0               0.000000                  0               0               0.00000000000000000000              0               0               0               0              


Trimming tree.....
Func num   Func Inst  Function name                                        Numcalls   Instrs          Flops           Iops            Ipcomm_uq  Opcomm_uq  Local_uq   Ipcomm     Opcomm     Local      Comp_Comm_uniq  Comp_Comm       Est. Cyc        Est. Area                 Est. Dlmr time  Est. Dlmw time  Der. metr                           ip_offload      op_offload       data-ru-ipcomm   data-ru-local

Uppertree Software Time (Cycles): 79533770.000000     
Bottom nodes Software Time (Cycles): 782773458.000000    

220        0          correlateSAD_2D                                     * 64         439167958       13639680        1275269466      3308       6839524    15931238   83064      25932020   92189589   188.359022405   49.5446851527   594707618       -1907816731.690000        0               633600          1.00287146482925204616              516             1702275         0               0              
176        0          fread                                               * 608288     65695548        0               94893538        531        233        528        21898515   1016908    68128288   124206.201571   4.14103366104   66270968        -187611671.356000         475600          0               1.00723029983078804506              475682          36              0               0              
253        0          ____strtol_l_internal                               * 101376     11052980        0               19505450        907508     8          811060     1018646    811008     7299068    21.4932298714   10.6607314826   11122630        10216382.552000           200             0               1.01293180508929103745              141998          1               0               0              
228        0          findDisparity                                       * 64         86488284        13530376        272014928       6970900    4093429    170756     26134832   4278357    26897024   25.807738002    9.38886428516   95459454        -247444203.375000         0               0               1.01844435473785743795              1089203         639598          0               0              
244        0          feof                                                * 101378     3548230         0               7806106         3911452    1622064    811024     4578808    1622112    811024     1.41069547825   1.25886255588   3548640         164189467.700000          0               0               1.32213219636064738260              611164          253447          0               0              
219        0          padarray2                                           * 2          3116288         0               10583958        149        608        220        2556       77412      4352       13981.4504624   132.352415966   4850828         -20687610.211000          0               1332200         1.37865982695745548092              23              1332295         0               0              
251        0          _IO_sputbackc                                       * 202752     3041280         0               5068800         2433060    3041264    1216520    3768156    3446768    2433012    0.92592254313   0.702543782859  3041570         179401771.788000          0               0               1.39125443011883320743              380165          475197          0               0              
216        0          fSetArray                                           * 3          1895670         0               6306026         230        131304     256        290        138128     3364       47.9421746469   45.5578465229   3592890         -8518305.650000           0               1490600         1.72590898739799869510              35              1511116         0               0              
