Function name                                        Numcalls   Instrs          Flops           Iops            Ipcomm_uq  Opcomm_uq  Local_uq   Ipcomm     Opcomm     Local      Comp_Comm_uniq  Comp_Comm       Est. Cyc        Est. Area                 Est. Dlmr time  Est. Dlmw time 

134        0          main                                                * 1          681804844       27170056        1832709260      674        693        21702764   1134       4867180    246044610  0.000000        0.000000        0               0.000000                  0               0               0.00000000000000000000              0               0               0               0              
216        0          getDisparity                                        * 1          545526374       27170056        1602617476      1461       3277681    16063258   5950       3442033    118990640  0.000000        0.000000        0               0.000000                  0               0               0.00000000000000000000              0               0               0               0              
221        0          correlateSAD_2D                                     * 64         452770529       13639680        1309331749      3291       7097563    15895486   82886      25948379   92079900   0.000000        0.000000        0               0.000000                  0               0               0.00000000000000000000              0               0               0               0              
224        0          integralImage2D2D                                   * 64         143339968       0               409235392       4452576    9262456    12575164   28923248   91746160   79453664   0.000000        0.000000        0               0.000000                  0               0               0.00000000000000000000              0               0               0               0              
225        0          finalSAD                                            * 64         130191104       0               357815040       9262772    7098220    3307340    91746128   26097280   12607664   0.000000        0.000000        0               0.000000                  0               0               0.00000000000000000000              0               0               0               0              
223        0          computeSAD                                          * 64         95705984        13639680        314149440       11032088   4708600    1536       26928992   29624384   1536       0.000000        0.000000        0               0.000000                  0               0               0.00000000000000000000              0               0               0               0              
222        0          padarray4                                           * 64         56236480        0               187187968       257564     4031488    1536       853808     11785704   1536       0.000000        0.000000        0               0.000000                  0               0               0.00000000000000000000              0               0               0               0              
229        0          findDisparity                                       * 64         86488284        13530376        272014928       7228948    3278429    166660     26152808   3442953    26899528   0.000000        0.000000        0               0.000000                  0               0               0.00000000000000000000              0               0               0               0              
220        0          padarray2                                           * 2          3116280         0               10583924        125        616        224        2532       77420      4376       0.000000        0.000000        0               0.000000                  0               0               0.00000000000000000000              0               0               0               0              
219        1          iSetArray                                           * 2          1284554         0               4486318         101        84         176        164        416        2320       0.000000        0.000000        0               0.000000                  0               0               0.00000000000000000000              0               0               0               0              
217        0          fSetArray                                           * 3          1895658         0               6305975         226        131332     276        286        139580     2388       0.000000        0.000000        0               0.000000                  0               0               0.00000000000000000000              0               0               0               0              
219        0          iSetArray                                           * 3          1253618         0               4377752         214        164        292        280        65156      1392       0.000000        0.000000        0               0.000000                  0               0               0.00000000000000000000              0               0               0               0              
242        0          selfCheck                                           * 1          65033783        0               127741603       3277628    240        5632465    3442216    311        58651621   0.000000        0.000000        0               0.000000                  0               0               0.00000000000000000000              0               0               0               0              
248        0          fscanf                                              * 101377     57931116        0               110396410       4866216    2289799    4819255    4866222    2958221    57836452   0.000000        0.000000        0               0.000000                  0               0               0.00000000000000000000              0               0               0               0              
249        0          vfscanf                                             * 101377     55802199        0               108368870       4055240    2289775    4819255    8110274    2958197    57836452   0.000000        0.000000        0               0.000000                  0               0               0.00000000000000000000              0               0               0               0              
250        0          _IO_vfscanf                                         * 101377     55599445        0               108368870       4055240    2289775    4819255    8110274    2958197    57836452   0.000000        0.000000        0               0.000000                  0               0               0.00000000000000000000              0               0               0               0              
254        0          __strtol_internal                                   * 101376     11883516        0               20437362        1718512    8          811068     2032402    811008     8921088    0.000000        0.000000        0               0.000000                  0               0               0.00000000000000000000              0               0               0               0              
255        0          ____strtol_l_internal                               * 101376     11579388        0               20335986        907504     8          811068     1221394    811008     8921088    0.000000        0.000000        0               0.000000                  0               0               0.00000000000000000000              0               0               0               0              
253        0          _IO_sputbackc                                       * 202752     3446784         0               6488064         2433068    2433017    1216512    3768164    2939893    2433004    0.000000        0.000000        0               0.000000                  0               0               0.00000000000000000000              0               0               0               0              
245        0          feof                                                * 101378     3548230         0               7806106         3911452    1622064    811024     4578808    1622112    811024     0.000000        0.000000        0               0.000000                  0               0               0.00000000000000000000              0               0               0               0              
149        0          readImage                                           * 2          71235789        0               102336348       505        1730       4017       757        4872716    68396365   0.000000        0.000000        0               0.000000                  0               0               0.00000000000000000000              0               0               0               0              
176        0          fread                                               * 608288     65695564        0               94893556        574        237        540        21898569   1016900    68128292   0.000000        0.000000        0               0.000000                  0               0               0.00000000000000000000              0               0               0               0              
177        0          _IO_sgetn                                           * 608288     31631436        0               43797364        486        177        348        12166021   1016960    34064228   0.000000        0.000000        0               0.000000                  0               0               0.00000000000000000000              0               0               0               0              
178        0          _IO_file_xsgetn                                     * 608288     29806572        0               42580788        462        177        348        9732869    1016960    34064228   0.000000        0.000000        0               0.000000                  0               0               0.00000000000000000000              0               0               0               0              
190        0          memcpy                                              * 608288     10949194        0               24939808        151        57         0          4866510    1016668    0          0.000000        0.000000        0               0.000000                  0               0               0.00000000000000000000              0               0               0               0              


Trimming tree.....
Func num   Func Inst  Function name                                        Numcalls   Instrs          Flops           Iops            Ipcomm_uq  Opcomm_uq  Local_uq   Ipcomm     Opcomm     Local      Comp_Comm_uniq  Comp_Comm       Est. Cyc        Est. Area                 Est. Dlmr time  Est. Dlmw time  Der. metr                           ip_offload      op_offload       data-ru-ipcomm   data-ru-local

Uppertree Software Time (Cycles): 76088041.000000     
Bottom nodes Software Time (Cycles): 797298492.000000    

221        0          correlateSAD_2D                                     * 64         452770529       13639680        1309331749      3291       7097563    15895486   82886      25948379   92079900   186.311594211   50.8224025609   608314229       -1968974923.240000        0               633600          1.00287370825680510755              514             1742594         0               0              
176        0          fread                                               * 608288     65695564        0               94893556        574        237        540        21898569   1016900    68128292   117008.083847   4.14102613392   66271024        -187610038.653000         475500          0               1.00722887524665094539              475589          37              0               0              
255        0          ____strtol_l_internal                               * 101376     11579388        0               20335986        907504     8          811068     1221394    811008     8921088    22.4085036892   10.0058876148   11649038        8572034.380000            200             0               1.01234016386969383205              141997          1               0               0              
229        0          findDisparity                                       * 64         86488284        13530376        272014928       7228948    3278429    166660     26152808   3442953    26899528   27.1756979882   9.64818252181   95459534        -263308957.671000         0               0               1.01749964740399989616              1129523         512254          0               0              
253        0          _IO_sputbackc                                       * 202752     3446784         0               6488064         2433068    2433017    1216512    3768164    2939893    2433004    1.33332319514   0.967204661499  3446974         159392228.649000          0               0               1.28300161366260012663              380166          380158          0               0              
245        0          feof                                                * 101378     3548230         0               7806106         3911452    1622064    811024     4578808    1622112    811024     1.41069547825   1.25886255588   3548640         164189467.700000          0               0               1.32213219636064738260              611164          253447          0               0              
220        0          padarray2                                           * 2          3116280         0               10583924        125        616        224        2532       77420      4376       14283.2982456   132.378477086   4850660         -20687882.215000          0               1332200         1.37867692824079224323              19              1332296         0               0              
217        0          fSetArray                                           * 3          1895658         0               6305975         226        131332     276        286        139580     2388       47.9330409401   45.0858321536   3592888         -8516960.482000           0               1490600         1.72591279383246765100              35              1511120         0               0              
