Function name                                        Numcalls   Instrs          Flops           Iops            Ipcomm_uq  Opcomm_uq  Local_uq   Ipcomm     Opcomm     Local      Comp_Comm_uniq  Comp_Comm       Est. Cyc        Est. Area                 Est. Dlmr time  Est. Dlmw time 

134        0          main                                                * 1          121695188       6378067         242932822       886        708        880185     1663       8511912    65782778   0.000000        0.000000        0               0.000000                  0               0               0.00000000000000000000              0               0               0               0              
149        0          readImage                                           * 5          44561504        0               64036397        2258       362570     7731       3136       11556077   42861168   0.000000        0.000000        0               0.000000                  0               0               0.00000000000000000000              0               0               0               0              
176        0          fread                                               * 380240     41067070        0               59319010        1944       671        1428       20467078   637310     42586748   0.000000        0.000000        0               0.000000                  0               0               0.00000000000000000000              0               0               0               0              
177        0          _IO_sgetn                                           * 380240     19773630        0               27378850        1580       521        868        10472952   637460     21293548   0.000000        0.000000        0               0.000000                  0               0               0.00000000000000000000              0               0               0               0              
178        0          _IO_file_xsgetn                                     * 380240     18632910        0               26618370        1452       521        868        7649020    637460     21293548   0.000000        0.000000        0               0.000000                  0               0               0.00000000000000000000              0               0               0               0              
190        0          memcpy                                              * 380240     6844345         0               15589840        239        285        0          3042471    636794     0          0.000000        0.000000        0               0.000000                  0               0               0.00000000000000000000              0               0               0               0              
152        0          fopen@@GLIBC_2.2.5                                  * 5          56792           0               125430          1443       11842      2303       1686       5075280    3148       0.000000        0.000000        0               0.000000                  0               0               0.00000000000000000000              0               0               0               0              
153        0          __fopen_internal                                    * 5          56782           0               125430          1443       11842      2303       1686       5075280    3148       0.000000        0.000000        0               0.000000                  0               0               0.00000000000000000000              0               0               0               0              
155        0          malloc                                              * 5          55167           0               123125          1215       9630       1273       1458       20122      2108       0.000000        0.000000        0               0.000000                  0               0               0.00000000000000000000              0               0               0               0              
156        0          malloc_hook_ini                                     * 1          52899           0               119336          93         8624       297        101        18541      383        0.000000        0.000000        0               0.000000                  0               0               0.00000000000000000000              0               0               0               0              
157        0          ptmalloc_init                                       * 1          51727           0               117898          61         52         132        61         52         140        0.000000        0.000000        0               0.000000                  0               0               0.00000000000000000000              0               0               0               0              
159        0          _dl_addr                                            * 1          51274           0               117129          57         44         56         57         44         64         0.000000        0.000000        0               0.000000                  0               0               0.00000000000000000000              0               0               0               0              
242        0          fillFeatures                                        * 1          13393731        768468          44493266        7897       4920       4996       8405       6553       7956896    0.000000        0.000000        0               0.000000                  0               0               0.00000000000000000000              0               0               0               0              
225        0          imageBlur                                           * 5          16006251        2408000         32724169        369165     447634     132030     3547663    1733055    4011284    0.000000        0.000000        0               0.000000                  0               0               0.00000000000000000000              0               0               0               0              
226        0          fSetArray                                           * 10         1536516         0               5097390         1013       190447     996        3498       873717     3312       0.000000        0.000000        0               0.000000                  0               0               0.00000000000000000000              0               0               0               0              
238        0          calcSobel_dY                                        * 9          13102419        1771440         27166632        569176     344359     152556     2328563    2854236    3467700    0.000000        0.000000        0               0.000000                  0               0               0.00000000000000000000              0               0               0               0              
226        3          fSetArray                                           * 18         1849431         0               6126173         2292       423628     2908       4523       2928304    7652       0.000000        0.000000        0               0.000000                  0               0               0.00000000000000000000              0               0               0               0              
249        0          calcPyrLKTrack                                      * 4          11431200        305970          21818095        359732     1382       56246      4444688    1821       300180     0.000000        0.000000        0               0.000000                  0               0               0.00000000000000000000              0               0               0               0              
251        0          getInterpolatePatch                                 * 479        9485536         302228          19772851        353465     1102711    35670      4411895    2388826    200220     0.000000        0.000000        0               0.000000                  0               0               0.00000000000000000000              0               0               0               0              
226        8          fSetArray                                           * 479        1839970         0               5846371         18727      576652     21644      41195      1337425    131785     0.000000        0.000000        0               0.000000                  0               0               0.00000000000000000000              0               0               0               0              
227        18         fMallocHandle                                       * 479        172571          0               310568          14915      15512      19664      41167      26716      122217     0.000000        0.000000        0               0.000000                  0               0               0.00000000000000000000              0               0               0               0              
155        30         malloc                                              * 479        164428          0               299072          15431      12884      19600      37875      24064      114593     0.000000        0.000000        0               0.000000                  0               0               0.00000000000000000000              0               0               0               0              
161        30         _int_malloc                                         * 479        146226          0               269853          14443      12024      18644      33079      23204      100197     0.000000        0.000000        0               0.000000                  0               0               0.00000000000000000000              0               0               0               0              
254        0          floorf                                              * 958        23116           1416            60560           3872       0          1916       7676       0          6652       0.000000        0.000000        0               0.000000                  0               0               0.00000000000000000000              0               0               0               0              
228        8          fFreeHandle                                         * 483        70036           0               111685          17115      10393      18580      49601      15913      63016      0.000000        0.000000        0               0.000000                  0               0               0.00000000000000000000              0               0               0               0              
148        17         free                                                * 483        68104           0               110236          17083      10393      18580      45737      15913      63016      0.000000        0.000000        0               0.000000                  0               0               0.00000000000000000000              0               0               0               0              
213        15         _int_free                                           * 483        56995           0               95746           12939      11801      15140      43281      17321      55288      0.000000        0.000000        0               0.000000                  0               0               0.00000000000000000000              0               0               0               0              
237        0          calcSobel_dX                                        * 9          10151783        0               21714690        488274     534887     128044     2463358    3618539    3025576    0.000000        0.000000        0               0.000000                  0               0               0.00000000000000000000              0               0               0               0              
226        2          fSetArray                                           * 18         1849357         0               6126065         2409       462221     2708       3580       2141336    7376       0.000000        0.000000        0               0.000000                  0               0               0.00000000000000000000              0               0               0               0              
239        0          calcGoodFeature                                     * 1          5052684         202755          13488533        95159      26696      150041     384993     29651      2188381    0.000000        0.000000        0               0.000000                  0               0               0.00000000000000000000              0               0               0               0              
240        0          calcAreaSum                                         * 3          3573691         3               10230559        101145     107813     70992      278938     466648     1390843    0.000000        0.000000        0               0.000000                  0               0               0.00000000000000000000              0               0               0               0              
233        0          imageResize                                         * 5          6178515         910010          11788926        214645     377571     101247     777961     2118480    1720920    0.000000        0.000000        0               0.000000                  0               0               0.00000000000000000000              0               0               0               0              
226        1          fSetArray                                           * 10         583029          0               1923623         1038       285865     1132       2022       814333     2088       0.000000        0.000000        0               0.000000                  0               0               0.00000000000000000000              0               0               0               0              
245        1          fDeepCopy                                           * 16         1157594         0               3835055         261363     189713     84668      431483     599344     87752      0.000000        0.000000        0               0.000000                  0               0               0.00000000000000000000              0               0               0               0              
241        0          fReshape                                            * 1          280691          0               940671          17449      101544     188        18177      385101     208        0.000000        0.000000        0               0.000000                  0               0               0.00000000000000000000              0               0               0               0              
244        0          getANMS                                             * 1          277315          11336           731788          8304       3675       40698      10998      19754      92364      0.000000        0.000000        0               0.000000                  0               0               0.00000000000000000000              0               0               0               0              
245        0          fDeepCopy                                           * 33         113026          0               303680          31440      18383      3579       46601      42960      8183       0.000000        0.000000        0               0.000000                  0               0               0.00000000000000000000              0               0               0               0              
255        0          fSelfCheck                                          * 1          47638           88              83859           934        245        9152       1229       306        44644      0.000000        0.000000        0               0.000000                  0               0               0.00000000000000000000              0               0               0               0              
261        0          fscanf                                              * 23         39660           0               70523           1097       609        6777       1904       724        40136      0.000000        0.000000        0               0.000000                  0               0               0.00000000000000000000              0               0               0               0              
262        0          vfscanf                                             * 23         39177           0               70063           953        585        6777       2628       700        40136      0.000000        0.000000        0               0.000000                  0               0               0.00000000000000000000              0               0               0               0              
263        0          _IO_vfscanf                                         * 23         39131           0               70063           953        585        6777       2628       700        40136      0.000000        0.000000        0               0.000000                  0               0               0.00000000000000000000              0               0               0               0              
267        0          __strtof_internal                                   * 22         22285           0               36006           620        20         5688       919        348        18324      0.000000        0.000000        0               0.000000                  0               0               0.00000000000000000000              0               0               0               0              
268        0          ____strtof_l_internal                               * 22         22219           0               35984           620        20         5688       919        348        18324      0.000000        0.000000        0               0.000000                  0               0               0.00000000000000000000              0               0               0               0              
243        0          fTranspose                                          * 1          17178           0               50666           4921       4924       180        6553       4961       200        0.000000        0.000000        0               0.000000                  0               0               0.00000000000000000000              0               0               0               0              


Trimming tree.....
Node under main has inclusive communication costs as zero! Node: _fxstat                                            
Node under main has inclusive communication costs as zero! Node: _fxstat                                            
Func num   Func Inst  Function name                                        Numcalls   Instrs          Flops           Iops            Ipcomm_uq  Opcomm_uq  Local_uq   Ipcomm     Opcomm     Local      Comp_Comm_uniq  Comp_Comm       Est. Cyc        Est. Area                 Est. Dlmr time  Est. Dlmw time  Der. metr                           ip_offload      op_offload       data-ru-ipcomm   data-ru-local

Uppertree Software Time (Cycles): 27199120.000000     
Bottom nodes Software Time (Cycles): 119762126.000000    

242        0          fillFeatures                                        * 1          13393731        768468          44493266        7897       4920       4996       8405       6553       7956896    3531.3828509    3025.92151357   13458171        -88873535.119000          0               0               1.00014882812096583820              1233            768             0               0              
176        0          fread                                               * 380240     41067070        0               59319010        1944       671        1428       20467078   637310     42586748   22684.1338432   2.81074296018   41251680        -117096315.889000         119100          0               1.00290547738337587624              119403          104             0               0              
249        0          calcPyrLKTrack                                      * 4          11431200        305970          21818095        359732     1382       56246      4444688    1821       300180     61.2661514093   4.97560333286   11817590        -31762959.980000          700             0               1.00485729585915906092              56908           215             0               0              
244        0          getANMS                                             * 1          277315          11336           731788          8304       3675       40698      10998      19754      92364      62.0355622339   24.165062435    302525          259162.009000             0               300             1.00723054777681064742              1297            874             0               0              
233        0          imageResize                                         * 5          6178515         910010          11788926        214645     377571     101247     777961     2118480    1720920    21.4430815783   4.3843240722    6442045         -5293840.029000           500             0               1.01465326589238591382              34038           58995           0               0              
238        0          calcSobel_dY                                        * 9          13102419        1771440         27166632        569176     344359     152556     2328563    2854236    3467700    31.6770260581   5.58348336488   13868189        -26910527.353000          0               158400          1.02219641428890017920              88933           212206          0               0              
225        0          imageBlur                                           * 5          16006251        2408000         32724169        369165     447634     132030     3547663    1733055    4011284    43.0120127473   6.6529151907    16831071        -42490656.987000          100             316800          1.02712742755620012325              57782           386742          0               0              
237        0          calcSobel_dX                                        * 9          10151783        0               21714690        488274     534887     128044     2463358    3618539    3025576    21.2231408351   3.5703810834    11041353        -10201462.415000          100             277300          1.04123589575338471036              76392           360876          0               0              
241        0          fReshape                                            * 1          280691          0               940671          17449      101544     188        18177      385101     208        7.90526333482   2.33256215315   316251          1748552.557000            0               0               1.06246307768753744938              2726            15866           0               0              
243        0          fTranspose                                          * 1          17178           0               50666           4921       4924       180        6553       4961       200        5.14636871508   4.40038214348   19058           424158.245000             0               0               1.08780285071642479622              768             769             0               0              
240        0          calcAreaSum                                         * 3          3573691         3               10230559        101145     107813     70992      278938     466648     1390843    48.9598962471   13.7215049639   4229071         -12099366.610000          0               475300          1.13650446863790599572              15803           492145          0               0              
159        0          _dl_addr                                            * 1          51274           0               117129          57         44         56         57         44         64         1159.69306931   1159.69306931   158244          13524.069000              77700           0               1.96507513088385543654              77708           6               0               0              
