Function name                                        Numcalls   Instrs          Flops           Iops            Ipcomm_uq  Opcomm_uq  Local_uq   Ipcomm     Opcomm     Local      Comp_Comm_uniq  Comp_Comm       Est. Cyc        Est. Area                 Est. Dlmr time  Est. Dlmw time 

134        0          main                                                * 1          4516557         223395          9019684         735        724        76868      1208       198484     2732324    0.000000        0.000000        0               0.000000                  0               0               0.00000000000000000000              0               0               0               0              
149        0          readImage                                           * 5          1876521         0               2740837         2644       14447      7790       77376      274881     1739889    0.000000        0.000000        0               0.000000                  0               0               0.00000000000000000000              0               0               0               0              
176        0          fread                                               * 15440      1668670         0               2410210         1428       735        1300       605506     27134      1729300    0.000000        0.000000        0               0.000000                  0               0               0.00000000000000000000              0               0               0               0              
177        0          _IO_sgetn                                           * 15440      804030          0               1113250         1200       585        820        321560     27284      864820     0.000000        0.000000        0               0.000000                  0               0               0.00000000000000000000              0               0               0               0              
178        0          _IO_file_xsgetn                                     * 15440      757710          0               1082370         1128       585        820        247448     27284      864820     0.000000        0.000000        0               0.000000                  0               0               0.00000000000000000000              0               0               0               0              
190        0          memcpy                                              * 15440      277945          0               633040          80         285        0          123520     26554      0          0.000000        0.000000        0               0.000000                  0               0               0.00000000000000000000              0               0               0               0              
152        0          fopen@@GLIBC_2.2.5                                  * 5          57224           0               126022          1937       9680       2446       2274       139211     3677       0.000000        0.000000        0               0.000000                  0               0               0.00000000000000000000              0               0               0               0              
153        0          __fopen_internal                                    * 5          57214           0               126022          1937       9680       2446       2274       139211     3677       0.000000        0.000000        0               0.000000                  0               0               0.00000000000000000000              0               0               0               0              
155        0          malloc                                              * 5          55599           0               123717          1641       8201       1428       1946       13562      2649       0.000000        0.000000        0               0.000000                  0               0               0.00000000000000000000              0               0               0               0              
156        0          malloc_hook_ini                                     * 1          52899           0               119336          93         7072       297        101        12235      383        0.000000        0.000000        0               0.000000                  0               0               0.00000000000000000000              0               0               0               0              
157        0          ptmalloc_init                                       * 1          51727           0               117898          61         52         132        61         52         140        0.000000        0.000000        0               0.000000                  0               0               0.00000000000000000000              0               0               0               0              
159        0          _dl_addr                                            * 1          51274           0               117129          57         44         56         57         44         64         0.000000        0.000000        0               0.000000                  0               0               0.00000000000000000000              0               0               0               0              
155        1          malloc                                              * 1          1164            0               1434            56         5652       157        64         9727       235        0.000000        0.000000        0               0.000000                  0               0               0.00000000000000000000              0               0               0               0              
161        0          _int_malloc                                         * 1          1126            0               1373            48         5648       129        56         9723       207        0.000000        0.000000        0               0.000000                  0               0               0.00000000000000000000              0               0               0               0              
162        0          malloc_consolidate                                  * 1          796             0               926             24         3356       36         24         5264       44         0.000000        0.000000        0               0.000000                  0               0               0.00000000000000000000              0               0               0               0              
161        25         _int_malloc                                         * 4          2532            0               4126            1620       1241       995        1973       1495       2130       0.000000        0.000000        0               0.000000                  0               0               0.00000000000000000000              0               0               0               0              
162        7          malloc_consolidate                                  * 4          1066            0               1415            1056       675        647        1221       869        1666       0.000000        0.000000        0               0.000000                  0               0               0.00000000000000000000              0               0               0               0              
168        0          _IO_file_fopen@@GLIBC_2.2.5                         * 5          650             0               990             155        175        496        155        175        496        0.000000        0.000000        0               0.000000                  0               0               0.00000000000000000000              0               0               0               0              
115        2          _dl_runtime_resolve                                 * 4          4834            0               7884            274        95         1203       459        123703     3477       0.000000        0.000000        0               0.000000                  0               0               0.00000000000000000000              0               0               0               0              
116        2          _dl_fixup                                           * 4          4734            0               7796            238        95         991        423        123703     3257       0.000000        0.000000        0               0.000000                  0               0               0.00000000000000000000              0               0               0               0              
69         3          _dl_lookup_symbol_x                                 * 4          4474            0               7408            266        79         927        503        111        3193       0.000000        0.000000        0               0.000000                  0               0               0.00000000000000000000              0               0               0               0              
70         3          do_lookup_x                                         * 4          3893            0               6590            190        15         721        429        47         2709       0.000000        0.000000        0               0.000000                  0               0               0.00000000000000000000              0               0               0               0              
71         3          check_match.8499                                    * 30         1503            0               2634            224        0          248        670        0          960        0.000000        0.000000        0               0.000000                  0               0               0.00000000000000000000              0               0               0               0              
23         14         strcmp                                              * 18         597             0               1148            16         0          0          144        0          0          0.000000        0.000000        0               0.000000                  0               0               0.00000000000000000000              0               0               0               0              
191        0          iMallocHandle                                       * 5          2574            0               4071            687        1938       1027       822        20021      1621       0.000000        0.000000        0               0.000000                  0               0               0.00000000000000000000              0               0               0               0              
115        3          _dl_runtime_resolve                                 * 1          1250            0               2030            110        1362       395        141        2471       893        0.000000        0.000000        0               0.000000                  0               0               0.00000000000000000000              0               0               0               0              
116        3          _dl_fixup                                           * 1          1225            0               2008            102        1362       339        133        2471       837        0.000000        0.000000        0               0.000000                  0               0               0.00000000000000000000              0               0               0               0              
69         4          _dl_lookup_symbol_x                                 * 1          1160            0               1911            122        42         323        161        63         821        0.000000        0.000000        0               0.000000                  0               0               0.00000000000000000000              0               0               0               0              
70         4          do_lookup_x                                         * 1          1008            0               1696            92         18         243        103        39         721        0.000000        0.000000        0               0.000000                  0               0               0.00000000000000000000              0               0               0               0              
155        2          malloc                                              * 5          1235            0               1919            577        544        552        681        686        648        0.000000        0.000000        0               0.000000                  0               0               0.00000000000000000000              0               0               0               0              
161        1          _int_malloc                                         * 5          1045            0               1614            485        524        444        589        666        540        0.000000        0.000000        0               0.000000                  0               0               0.00000000000000000000              0               0               0               0              
204        0          fclose@@GLIBC_2.2.5                                 * 5          2118            0               3307            1126       610        1126       1362       816        1126       0.000000        0.000000        0               0.000000                  0               0               0.00000000000000000000              0               0               0               0              
148        1          free                                                * 5          668             0               1087            497        258        348        622        356        348        0.000000        0.000000        0               0.000000                  0               0               0.00000000000000000000              0               0               0               0              
213        0          _int_free                                           * 5          553             0               937             457        258        268        582        356        268        0.000000        0.000000        0               0.000000                  0               0               0.00000000000000000000              0               0               0               0              
196        0          fseek                                               * 5          935             0               1365            581        403        448        815        184876     448        0.000000        0.000000        0               0.000000                  0               0               0.00000000000000000000              0               0               0               0              
197        0          _IO_seekoff_unlocked                                * 5          730             0               985             467        333        368        653        184806     368        0.000000        0.000000        0               0.000000                  0               0               0.00000000000000000000              0               0               0               0              
241        0          fillFeatures                                        * 1          474311          36462           1594948         165        1332       1392       185        1757       281836     0.000000        0.000000        0               0.000000                  0               0               0.00000000000000000000              0               0               0               0              
226        5          fSetArray                                           * 1          2166            0               6621            165        1336       124        185        3201       140        0.000000        0.000000        0               0.000000                  0               0               0.00000000000000000000              0               0               0               0              
225        0          imageBlur                                           * 5          544781          78400           1128447         13172      22275      2870       93993      50909      148596     0.000000        0.000000        0               0.000000                  0               0               0.00000000000000000000              0               0               0               0              
226        0          fSetArray                                           * 10         66971           0               214638          1137       28475      804        1554       82118      1372       0.000000        0.000000        0               0.000000                  0               0               0.00000000000000000000              0               0               0               0              
227        0          fMallocHandle                                       * 10         2491            0               4198            1077       899        704        1366       4874       1228       0.000000        0.000000        0               0.000000                  0               0               0.00000000000000000000              0               0               0               0              
155        4          malloc                                              * 10         2321            0               3958            1017       715        624        1266       938        1084       0.000000        0.000000        0               0.000000                  0               0               0.00000000000000000000              0               0               0               0              
161        3          _int_malloc                                         * 10         1941            0               3348            873        695        484        1046       918        864        0.000000        0.000000        0               0.000000                  0               0               0.00000000000000000000              0               0               0               0              
228        0          fFreeHandle                                         * 5          1729            0               2797            427        955        814        552        2579       1168       0.000000        0.000000        0               0.000000                  0               0               0.00000000000000000000              0               0               0               0              
115        4          _dl_runtime_resolve                                 * 1          1090            0               1780            130        827        374        173        2451       688        0.000000        0.000000        0               0.000000                  0               0               0.00000000000000000000              0               0               0               0              
116        4          _dl_fixup                                           * 1          1065            0               1758            114        827        326        157        2451       640        0.000000        0.000000        0               0.000000                  0               0               0.00000000000000000000              0               0               0               0              
69         5          _dl_lookup_symbol_x                                 * 1          1000            0               1661            134        35         310        185        43         624        0.000000        0.000000        0               0.000000                  0               0               0.00000000000000000000              0               0               0               0              
70         5          do_lookup_x                                         * 1          866             0               1474            85         15         242        88         23         556        0.000000        0.000000        0               0.000000                  0               0               0.00000000000000000000              0               0               0               0              
148        3          free                                                * 5          615             0               1000            297        160        440        379        160        480        0.000000        0.000000        0               0.000000                  0               0               0.00000000000000000000              0               0               0               0              
191        1          iMallocHandle                                       * 5          1416            0               2667            644        736        520        748        13368      520        0.000000        0.000000        0               0.000000                  0               0               0.00000000000000000000              0               0               0               0              
155        5          malloc                                              * 5          1331            0               2547            588        696        440        692        13328      440        0.000000        0.000000        0               0.000000                  0               0               0.00000000000000000000              0               0               0               0              
161        4          _int_malloc                                         * 5          1141            0               2242            528        676        304        632        13308      304        0.000000        0.000000        0               0.000000                  0               0               0.00000000000000000000              0               0               0               0              
237        0          calcSobel_dY                                        * 9          497650          63408           1037537         24208      17944      11740      63567      44528      163888     0.000000        0.000000        0               0.000000                  0               0               0.00000000000000000000              0               0               0               0              
226        3          fSetArray                                           * 18         83208           0               261528          2044       25102      2576       2715       70760      5512       0.000000        0.000000        0               0.000000                  0               0               0.00000000000000000000              0               0               0               0              
227        4          fMallocHandle                                       * 18         5160            0               7792            2040       1810       2396       2587       10412      5152       0.000000        0.000000        0               0.000000                  0               0               0.00000000000000000000              0               0               0               0              
155        10         malloc                                              * 18         4854            0               7360            1968       1650       2252       2443       6704       4864       0.000000        0.000000        0               0.000000                  0               0               0.00000000000000000000              0               0               0               0              
161        9          _int_malloc                                         * 18         4170            0               6262            1860       1614       2000       2263       6668       4324       0.000000        0.000000        0               0.000000                  0               0               0.00000000000000000000              0               0               0               0              
162        3          malloc_consolidate                                  * 9          1393            0               1859            1219       994        1092       1386       5859       2500       0.000000        0.000000        0               0.000000                  0               0               0.00000000000000000000              0               0               0               0              
191        3          iMallocHandle                                       * 18         4127            0               7100            1328       1502       1120       1960       8902       2160       0.000000        0.000000        0               0.000000                  0               0               0.00000000000000000000              0               0               0               0              
155        11         malloc                                              * 18         3821            0               6668            1256       1430       976        1816       8830       1872       0.000000        0.000000        0               0.000000                  0               0               0.00000000000000000000              0               0               0               0              
161        10         _int_malloc                                         * 18         3137            0               5570            1148       1394       724        1636       8794       1332       0.000000        0.000000        0               0.000000                  0               0               0.00000000000000000000              0               0               0               0              
231        2          iFreeHandle                                         * 18         1602            0               2286            828        149        684        1188       213        1332       0.000000        0.000000        0               0.000000                  0               0               0.00000000000000000000              0               0               0               0              
148        9          free                                                * 18         1530            0               2232            756        149        684        1044       213        1332       0.000000        0.000000        0               0.000000                  0               0               0.00000000000000000000              0               0               0               0              
213        7          _int_free                                           * 18         1116            0               1692            612        149        540        900        213        1044       0.000000        0.000000        0               0.000000                  0               0               0.00000000000000000000              0               0               0               0              
228        3          fFreeHandle                                         * 9          1143            0               1827            629        252        760        863        832        768        0.000000        0.000000        0               0.000000                  0               0               0.00000000000000000000              0               0               0               0              
148        8          free                                                * 9          1107            0               1800            557        252        760        791        832        768        0.000000        0.000000        0               0.000000                  0               0               0.00000000000000000000              0               0               0               0              
213        6          _int_free                                           * 9          900             0               1530            485        252        616        719        832        624        0.000000        0.000000        0               0.000000                  0               0               0.00000000000000000000              0               0               0               0              
236        0          calcSobel_dX                                        * 9          392950          0               845480          23359      33802      6804       64998      74122      150924     0.000000        0.000000        0               0.000000                  0               0               0.00000000000000000000              0               0               0               0              
226        2          fSetArray                                           * 18         83767           0               262865          2339       46005      2464       2934       111684     5232       0.000000        0.000000        0               0.000000                  0               0               0.00000000000000000000              0               0               0               0              
227        2          fMallocHandle                                       * 18         5719            0               9129            2339       2091       2284       2934       7338       4872       0.000000        0.000000        0               0.000000                  0               0               0.00000000000000000000              0               0               0               0              
155        8          malloc                                              * 18         5413            0               8697            2267       1919       2140       2790       3506       4584       0.000000        0.000000        0               0.000000                  0               0               0.00000000000000000000              0               0               0               0              
161        7          _int_malloc                                         * 18         4729            0               7599            2159       1883       1888       2610       3470       4044       0.000000        0.000000        0               0.000000                  0               0               0.00000000000000000000              0               0               0               0              
162        2          malloc_consolidate                                  * 9          1182            0               1568            1186       901        896        1301       2235       2040       0.000000        0.000000        0               0.000000                  0               0               0.00000000000000000000              0               0               0               0              
227        3          fMallocHandle                                       * 18         4127            0               7100            1320       1396       1120       1944       8792       2160       0.000000        0.000000        0               0.000000                  0               0               0.00000000000000000000              0               0               0               0              
155        9          malloc                                              * 18         3821            0               6668            1248       1324       976        1800       8720       1872       0.000000        0.000000        0               0.000000                  0               0               0.00000000000000000000              0               0               0               0              
161        8          _int_malloc                                         * 18         3137            0               5570            1140       1288       724        1620       8684       1332       0.000000        0.000000        0               0.000000                  0               0               0.00000000000000000000              0               0               0               0              
228        2          fFreeHandle                                         * 27         2745            0               4113            1176       405        868        2051       541        2100       0.000000        0.000000        0               0.000000                  0               0               0.00000000000000000000              0               0               0               0              
148        7          free                                                * 27         2637            0               4032            1104       405        868        1835       541        2100       0.000000        0.000000        0               0.000000                  0               0               0.00000000000000000000              0               0               0               0              
213        5          _int_free                                           * 27         2016            0               3222            888        405        724        1619       541        1668       0.000000        0.000000        0               0.000000                  0               0               0.00000000000000000000              0               0               0               0              
238        0          calcGoodFeature                                     * 1          214772          8195            561858          5467       553        2980       10885      1350       79787      0.000000        0.000000        0               0.000000                  0               0               0.00000000000000000000              0               0               0               0              
239        0          calcAreaSum                                         * 3          151418          3               424671          4399       12516      2272       4747       20783      49820      0.000000        0.000000        0               0.000000                  0               0               0.00000000000000000000              0               0               0               0              
226        4          fSetArray                                           * 6          2895            0               6696            624        1113       620        868        4100       1100       0.000000        0.000000        0               0.000000                  0               0               0.00000000000000000000              0               0               0               0              
227        7          fMallocHandle                                       * 6          1521            0               2394            600        444        512        868        638        980        0.000000        0.000000        0               0.000000                  0               0               0.00000000000000000000              0               0               0               0              
155        14         malloc                                              * 6          1419            0               2250            612        420        440        832        614        884        0.000000        0.000000        0               0.000000                  0               0               0.00000000000000000000              0               0               0               0              
161        13         _int_malloc                                         * 6          1191            0               1884            564        396        272        760        590        716        0.000000        0.000000        0               0.000000                  0               0               0.00000000000000000000              0               0               0               0              
228        4          fFreeHandle                                         * 6          846             0               1362            424        324        484        698        444        564        0.000000        0.000000        0               0.000000                  0               0               0.00000000000000000000              0               0               0               0              
148        10         free                                                * 6          822             0               1344            416        324        484        650        444        564        0.000000        0.000000        0               0.000000                  0               0               0.00000000000000000000              0               0               0               0              
213        8          _int_free                                           * 6          684             0               1164            368        324        388        602        444        468        0.000000        0.000000        0               0.000000                  0               0               0.00000000000000000000              0               0               0               0              
227        6          fMallocHandle                                       * 3          644             0               981             291        228        324        311        399        348        0.000000        0.000000        0               0.000000                  0               0               0.00000000000000000000              0               0               0               0              
227        5          fMallocHandle                                       * 6          1355            0               2019            334        541        364        479        1714       1152       0.000000        0.000000        0               0.000000                  0               0               0.00000000000000000000              0               0               0               0              
155        12         malloc                                              * 6          1253            0               1875            318        533        332        431        1458       1056       0.000000        0.000000        0               0.000000                  0               0               0.00000000000000000000              0               0               0               0              
161        11         _int_malloc                                         * 6          1025            0               1509            290        525        284        375        1450       872        0.000000        0.000000        0               0.000000                  0               0               0.00000000000000000000              0               0               0               0              
228        5          fFreeHandle                                         * 8          1168            0               1850            141        59         232        564        94         1231       0.000000        0.000000        0               0.000000                  0               0               0.00000000000000000000              0               0               0               0              
148        11         free                                                * 8          1136            0               1826            133        59         232        500        94         1231       0.000000        0.000000        0               0.000000                  0               0               0.00000000000000000000              0               0               0               0              
213        9          _int_free                                           * 8          952             0               1586            125        115        216        492        150        1103       0.000000        0.000000        0               0.000000                  0               0               0.00000000000000000000              0               0               0               0              
232        0          imageResize                                         * 5          223633          30810           431943          16019      13967      3371       34789      29068      61708      0.000000        0.000000        0               0.000000                  0               0               0.00000000000000000000              0               0               0               0              
226        1          fSetArray                                           * 10         28343           0               85696           1114       18123      1160       1662       39973      2124       0.000000        0.000000        0               0.000000                  0               0               0.00000000000000000000              0               0               0               0              
227        1          fMallocHandle                                       * 10         2983            0               4616            1114       1347       1060       1662       4293       1924       0.000000        0.000000        0               0.000000                  0               0               0.00000000000000000000              0               0               0               0              
155        6          malloc                                              * 10         2813            0               4376            1058       1155       980        1566       1397       1780       0.000000        0.000000        0               0.000000                  0               0               0.00000000000000000000              0               0               0               0              
161        5          _int_malloc                                         * 10         2433            0               3766            998        1135       840        1434       1377       1480       0.000000        0.000000        0               0.000000                  0               0               0.00000000000000000000              0               0               0               0              
191        2          iMallocHandle                                       * 5          1554            0               2974            684        704        608        828        5696       632        0.000000        0.000000        0               0.000000                  0               0               0.00000000000000000000              0               0               0               0              
155        7          malloc                                              * 5          1469            0               2854            644        664        528        788        5656       552        0.000000        0.000000        0               0.000000                  0               0               0.00000000000000000000              0               0               0               0              
161        6          _int_malloc                                         * 5          1279            0               2549            584        644        388        728        5636       412        0.000000        0.000000        0               0.000000                  0               0               0.00000000000000000000              0               0               0               0              
115        5          _dl_runtime_resolve                                 * 1          1046            0               1693            137        51         367        211        123        712        0.000000        0.000000        0               0.000000                  0               0               0.00000000000000000000              0               0               0               0              
116        5          _dl_fixup                                           * 1          1021            0               1671            129        51         311        203        123        656        0.000000        0.000000        0               0.000000                  0               0               0.00000000000000000000              0               0               0               0              
69         6          _dl_lookup_symbol_x                                 * 1          956             0               1574            149        35         295        231        35         640        0.000000        0.000000        0               0.000000                  0               0               0.00000000000000000000              0               0               0               0              
70         6          do_lookup_x                                         * 1          813             0               1373            99         11         235        141        11         572        0.000000        0.000000        0               0.000000                  0               0               0.00000000000000000000              0               0               0               0              
228        1          fFreeHandle                                         * 5          736             0               1168            653        437        384        755        694        408        0.000000        0.000000        0               0.000000                  0               0               0.00000000000000000000              0               0               0               0              
148        5          free                                                * 5          716             0               1153            613        437        384        715        694        408        0.000000        0.000000        0               0.000000                  0               0               0.00000000000000000000              0               0               0               0              
213        3          _int_free                                           * 5          601             0               1003            573        437        304        675        694        328        0.000000        0.000000        0               0.000000                  0               0               0.00000000000000000000              0               0               0               0              
243        0          getANMS                                             * 1          101867          3616            252884          7045       1349       17574      9827       2328       39768      0.000000        0.000000        0               0.000000                  0               0               0.00000000000000000000              0               0               0               0              
244        0          fDeepCopy                                           * 24         39974           0               102976          11258      5248       2553       16445      10089      6021       0.000000        0.000000        0               0.000000                  0               0               0.00000000000000000000              0               0               0               0              
227        13         fMallocHandle                                       * 24         8246            0               14803           2478       2200       2241       3277       6913       5437       0.000000        0.000000        0               0.000000                  0               0               0.00000000000000000000              0               0               0               0              
155        21         malloc                                              * 24         7838            0               14227           2366       1976       2001       3093       2593       5053       0.000000        0.000000        0               0.000000                  0               0               0.00000000000000000000              0               0               0               0              
161        20         _int_malloc                                         * 24         6926            0               12763           2186       1916       1581       2841       2533       4345       0.000000        0.000000        0               0.000000                  0               0               0.00000000000000000000              0               0               0               0              
228        7          fFreeHandle                                         * 49         6290            0               9858            3008       1986       2947       4724       3752       4871       0.000000        0.000000        0               0.000000                  0               0               0.00000000000000000000              0               0               0               0              
148        13         free                                                * 49         6094            0               9711            2936       1986       2947       4332       3752       4871       0.000000        0.000000        0               0.000000                  0               0               0.00000000000000000000              0               0               0               0              
213        11         _int_free                                           * 49         4967            0               8241            2704       2146       2451       4100       3912       4087       0.000000        0.000000        0               0.000000                  0               0               0.00000000000000000000              0               0               0               0              
227        11         fMallocHandle                                       * 17         4646            0               7575            1506       1593       1516       2306       5068       2796       0.000000        0.000000        0               0.000000                  0               0               0.00000000000000000000              0               0               0               0              
155        19         malloc                                              * 17         4357            0               7167            1434       1413       1372       2170       1568       2524       0.000000        0.000000        0               0.000000                  0               0               0.00000000000000000000              0               0               0               0              
161        18         _int_malloc                                         * 17         3711            0               6130            1326       1377       1120       1998       1532       2016       0.000000        0.000000        0               0.000000                  0               0               0.00000000000000000000              0               0               0               0              
245        0          ffVertcat                                           * 7          3138            0               7113            1080       951        916        1496       3905       1016       0.000000        0.000000        0               0.000000                  0               0               0.00000000000000000000              0               0               0               0              
227        14         fMallocHandle                                       * 7          1276            0               1905            660        503        636        756        741        736        0.000000        0.000000        0               0.000000                  0               0               0.00000000000000000000              0               0               0               0              
155        22         malloc                                              * 7          1157            0               1737            604        423        524        700        537        624        0.000000        0.000000        0               0.000000                  0               0               0.00000000000000000000              0               0               0               0              
161        21         _int_malloc                                         * 7          891             0               1310            520        395        328        616        509        428        0.000000        0.000000        0               0.000000                  0               0               0.00000000000000000000              0               0               0               0              
226        6          fSetArray                                           * 2          2183            0               4902            224        1008       164        284        1569       324        0.000000        0.000000        0               0.000000                  0               0               0.00000000000000000000              0               0               0               0              
227        12         fMallocHandle                                       * 2          624             0               1085            224        224        144        284        1181       284        0.000000        0.000000        0               0.000000                  0               0               0.00000000000000000000              0               0               0               0              
155        20         malloc                                              * 2          590             0               1037            216        184        128        268        237        252        0.000000        0.000000        0               0.000000                  0               0               0.00000000000000000000              0               0               0               0              
191        4          iMallocHandle                                       * 10         2820            0               4608            1328       1027       1200       1688       1313       1376       0.000000        0.000000        0               0.000000                  0               0               0.00000000000000000000              0               0               0               0              
155        18         malloc                                              * 10         2650            0               4368            1252       987        1040       1612       1237       1216       0.000000        0.000000        0               0.000000                  0               0               0.00000000000000000000              0               0               0               0              
161        17         _int_malloc                                         * 10         2270            0               3758            1132       947        760        1492       1197       936        0.000000        0.000000        0               0.000000                  0               0               0.00000000000000000000              0               0               0               0              
231        3          iFreeHandle                                         * 10         1284            0               2033            999        638        654        1192       804        784        0.000000        0.000000        0               0.000000                  0               0               0.00000000000000000000              0               0               0               0              
148        14         free                                                * 10         1244            0               2003            935        638        654        1112       804        784        0.000000        0.000000        0               0.000000                  0               0               0.00000000000000000000              0               0               0               0              
213        12         _int_free                                           * 10         1014            0               1703            863        646        510        1040       812        624        0.000000        0.000000        0               0.000000                  0               0               0.00000000000000000000              0               0               0               0              
244        1          fDeepCopy                                           * 16         53034           0               165958          18469      11280      2159       19693      112098     3251       0.000000        0.000000        0               0.000000                  0               0               0.00000000000000000000              0               0               0               0              
227        16         fMallocHandle                                       * 16         3998            0               6302            2196       2309       1640       2740       3709       2604       0.000000        0.000000        0               0.000000                  0               0               0.00000000000000000000              0               0               0               0              
155        26         malloc                                              * 16         3726            0               5918            2136       2169       1464       2616       2773       2348       0.000000        0.000000        0               0.000000                  0               0               0.00000000000000000000              0               0               0               0              
161        26         _int_malloc                                         * 16         3118            0               4942            1992       2121       1128       2440       2725       1884       0.000000        0.000000        0               0.000000                  0               0               0.00000000000000000000              0               0               0               0              
248        0          calcPyrLKTrack                                      * 4          77518           2488            138303          9007       1346       5742       24300      1692       29020      0.000000        0.000000        0               0.000000                  0               0               0.00000000000000000000              0               0               0               0              
250        0          getInterpolatePatch                                 * 65         58627           1992            113798          8313       6039       2738       21351      8906       16496      0.000000        0.000000        0               0.000000                  0               0               0.00000000000000000000              0               0               0               0              
226        8          fSetArray                                           * 65         18705           0               41438           2363       4052       1500       4479       5737       9705       0.000000        0.000000        0               0.000000                  0               0               0.00000000000000000000              0               0               0               0              
227        18         fMallocHandle                                       * 65         10840           0               18233           1863       2168       1176       4443       2773       8417       0.000000        0.000000        0               0.000000                  0               0               0.00000000000000000000              0               0               0               0              
155        30         malloc                                              * 65         9735            0               16673           1859       1904       1112       3951       2509       7425       0.000000        0.000000        0               0.000000                  0               0               0.00000000000000000000              0               0               0               0              
161        30         _int_malloc                                         * 65         7265            0               12708           1687       1860       972        3283       2465       5461       0.000000        0.000000        0               0.000000                  0               0               0.00000000000000000000              0               0               0               0              
253        0          floorf                                              * 130        3026            172             7956            564        0          260        1052       0          852        0.000000        0.000000        0               0.000000                  0               0               0.00000000000000000000              0               0               0               0              
115        6          _dl_runtime_resolve                                 * 1          1077            0               1742            158        27         342        168        1073       751        0.000000        0.000000        0               0.000000                  0               0               0.00000000000000000000              0               0               0               0              
116        6          _dl_fixup                                           * 1          1052            0               1720            98         27         330        108        1073       739        0.000000        0.000000        0               0.000000                  0               0               0.00000000000000000000              0               0               0               0              
69         7          _dl_lookup_symbol_x                                 * 1          987             0               1623            86         27         330        96         49         739        0.000000        0.000000        0               0.000000                  0               0               0.00000000000000000000              0               0               0               0              
70         7          do_lookup_x                                         * 1          835             0               1408            76         11         238        78         33         607        0.000000        0.000000        0               0.000000                  0               0               0.00000000000000000000              0               0               0               0              
228        8          fFreeHandle                                         * 69         6510            0               9510            1998       969        896        4559       1268       5504       0.000000        0.000000        0               0.000000                  0               0               0.00000000000000000000              0               0               0               0              
148        17         free                                                * 69         6234            0               9303            1966       969        896        4007       1268       5504       0.000000        0.000000        0               0.000000                  0               0               0.00000000000000000000              0               0               0               0              
213        15         _int_free                                           * 69         4647            0               7233            1366       1025       624        3511       1324       4400       0.000000        0.000000        0               0.000000                  0               0               0.00000000000000000000              0               0               0               0              
249        0          iSetArray                                           * 4          1070            0               1794            576        634        480        640        988        512        0.000000        0.000000        0               0.000000                  0               0               0.00000000000000000000              0               0               0               0              
191        6          iMallocHandle                                       * 4          890             0               1344            560        586        392        624        884        424        0.000000        0.000000        0               0.000000                  0               0               0.00000000000000000000              0               0               0               0              
155        29         malloc                                              * 4          822             0               1248            528        558        328        592        848        360        0.000000        0.000000        0               0.000000                  0               0               0.00000000000000000000              0               0               0               0              
161        29         _int_malloc                                         * 4          670             0               1004            480        542        216        544        832        248        0.000000        0.000000        0               0.000000                  0               0               0.00000000000000000000              0               0               0               0              
227        17         fMallocHandle                                       * 4          712             0               944             368        500        400        400        592        432        0.000000        0.000000        0               0.000000                  0               0               0.00000000000000000000              0               0               0               0              
240        0          fReshape                                            * 1          11921           0               38986           77         4284       196        101        4402       216        0.000000        0.000000        0               0.000000                  0               0               0.00000000000000000000              0               0               0               0              
254        0          fSelfCheck                                          * 1          14336           16              24092           1114       309        3917       1501       383        11417      0.000000        0.000000        0               0.000000                  0               0               0.00000000000000000000              0               0               0               0              
260        0          fscanf                                              * 5          7589            0               13326           521        201        1689       752        244        7224       0.000000        0.000000        0               0.000000                  0               0               0.00000000000000000000              0               0               0               0              
261        0          vfscanf                                             * 5          7484            0               13226           521        177        1689       900        220        7224       0.000000        0.000000        0               0.000000                  0               0               0.00000000000000000000              0               0               0               0              
262        0          _IO_vfscanf                                         * 5          7474            0               13226           521        177        1689       900        220        7224       0.000000        0.000000        0               0.000000                  0               0               0.00000000000000000000              0               0               0               0              
266        0          __strtof_internal                                   * 4          4029            0               6448            136        20         1248       227        60         3268       0.000000        0.000000        0               0.000000                  0               0               0.00000000000000000000              0               0               0               0              
267        0          ____strtof_l_internal                               * 4          4017            0               6444            136        20         1248       227        60         3268       0.000000        0.000000        0               0.000000                  0               0               0.00000000000000000000              0               0               0               0              
268        0          str_to_mpn                                          * 8          722             0               1309            185        160        424        290        160        504        0.000000        0.000000        0               0.000000                  0               0               0.00000000000000000000              0               0               0               0              
115        7          _dl_runtime_resolve                                 * 3          3464            0               5653            230        28         795        399        84         2403       0.000000        0.000000        0               0.000000                  0               0               0.00000000000000000000              0               0               0               0              
116        7          _dl_fixup                                           * 3          3389            0               5587            214        28         683        375        84         2235       0.000000        0.000000        0               0.000000                  0               0               0.00000000000000000000              0               0               0               0              
69         8          _dl_lookup_symbol_x                                 * 3          3194            0               5296            262        36         651        439        36         2187       0.000000        0.000000        0               0.000000                  0               0               0.00000000000000000000              0               0               0               0              
70         8          do_lookup_x                                         * 3          2774            0               4707            144        0          507        281        0          1867       0.000000        0.000000        0               0.000000                  0               0               0.00000000000000000000              0               0               0               0              
71         8          check_match.8499                                    * 19         1052            0               1871            170        0          176        495        0          600        0.000000        0.000000        0               0.000000                  0               0               0.00000000000000000000              0               0               0               0              
152        1          fopen@@GLIBC_2.2.5                                  * 1          967             0               1475            520        535        405        713        811        563        0.000000        0.000000        0               0.000000                  0               0               0.00000000000000000000              0               0               0               0              
153        1          __fopen_internal                                    * 1          965             0               1475            520        535        405        713        811        563        0.000000        0.000000        0               0.000000                  0               0               0.00000000000000000000              0               0               0               0              
155        32         malloc                                              * 1          649             0               1031            480        258        187        673        307        343        0.000000        0.000000        0               0.000000                  0               0               0.00000000000000000000              0               0               0               0              
161        32         _int_malloc                                         * 1          611             0               970             468        254        159        661        303        315        0.000000        0.000000        0               0.000000                  0               0               0.00000000000000000000              0               0               0               0              
137        1          sprintf                                             * 1          796             0               1091            41         166        398        53         278        589        0.000000        0.000000        0               0.000000                  0               0               0.00000000000000000000              0               0               0               0              
138        1          vsprintf                                            * 1          775             0               1071            65         110        398        85         214        589        0.000000        0.000000        0               0.000000                  0               0               0.00000000000000000000              0               0               0               0              
143        2          vfprintf                                            * 1          636             0               932             81         24         270        123        24         461        0.000000        0.000000        0               0.000000                  0               0               0.00000000000000000000              0               0               0               0              
242        0          fTranspose                                          * 1          4646            0               13397           1349       244        164        1773       289        192        0.000000        0.000000        0               0.000000                  0               0               0.00000000000000000000              0               0               0               0              
228        6          fFreeHandle                                         * 58         8778            0               13306           3899       2529       3153       6153       7132       8228       0.000000        0.000000        0               0.000000                  0               0               0.00000000000000000000              0               0               0               0              
148        12         free                                                * 58         8546            0               13132           3779       2529       3153       5689       7132       8228       0.000000        0.000000        0               0.000000                  0               0               0.00000000000000000000              0               0               0               0              
213        10         _int_free                                           * 58         7212            0               11392           3467       2681       2769       5377       7284       7300       0.000000        0.000000        0               0.000000                  0               0               0.00000000000000000000              0               0               0               0              
162        6          malloc_consolidate                                  * 5          1432            0               1884            1214       1277       768        1611       1607       2226       0.000000        0.000000        0               0.000000                  0               0               0.00000000000000000000              0               0               0               0              
137        0          sprintf                                             * 5          4472            0               6007            299        897        1754       539        1115       4139       0.000000        0.000000        0               0.000000                  0               0               0.00000000000000000000              0               0               0               0              
138        0          vsprintf                                            * 5          4367            0               5907            435        617        1754       751        759        4139       0.000000        0.000000        0               0.000000                  0               0               0.00000000000000000000              0               0               0               0              
143        0          vfprintf                                            * 5          3672            0               5212            384        205        1265       802        285        3634       0.000000        0.000000        0               0.000000                  0               0               0.00000000000000000000              0               0               0               0              
145        0          _IO_default_xsputn                                  * 23         1135            0               1093            249        40         400        348        40         1024       0.000000        0.000000        0               0.000000                  0               0               0.00000000000000000000              0               0               0               0              
226        7          fSetArray                                           * 9          2149            0               4132            772        765        1016       920        1341       1096       0.000000        0.000000        0               0.000000                  0               0               0.00000000000000000000              0               0               0               0              
227        15         fMallocHandle                                       * 9          1483            0               2446            764        609        836        904        1149       916        0.000000        0.000000        0               0.000000                  0               0               0.00000000000000000000              0               0               0               0              
155        23         malloc                                              * 9          1330            0               2230            692        497        724        832        865        772        0.000000        0.000000        0               0.000000                  0               0               0.00000000000000000000              0               0               0               0              
161        22         _int_malloc                                         * 9          988             0               1681            584        461        472        724        829        520        0.000000        0.000000        0               0.000000                  0               0               0.00000000000000000000              0               0               0               0              
115        1          _dl_runtime_resolve                                 * 2          2519            0               4099            174        70         696        184        94         1755       0.000000        0.000000        0               0.000000                  0               0               0.00000000000000000000              0               0               0               0              
116        1          _dl_fixup                                           * 2          2469            0               4055            150        70         620        160        94         1660       0.000000        0.000000        0               0.000000                  0               0               0.00000000000000000000              0               0               0               0              
69         2          _dl_lookup_symbol_x                                 * 2          2339            0               3861            166        62         604        192        62         1644       0.000000        0.000000        0               0.000000                  0               0               0.00000000000000000000              0               0               0               0              
70         2          do_lookup_x                                         * 2          2026            0               3417            134        26         440        140        26         1416       0.000000        0.000000        0               0.000000                  0               0               0.00000000000000000000              0               0               0               0              
71         2          check_match.8499                                    * 16         769             0               1338            136        0          160        318        0          512        0.000000        0.000000        0               0.000000                  0               0               0.00000000000000000000              0               0               0               0              
216        0          printf                                              * 1          2277            0               3662            109        294        767        241        404        1519       0.000000        0.000000        0               0.000000                  0               0               0.00000000000000000000              0               0               0               0              
143        1          vfprintf                                            * 1          2252            0               3641            141        222        767        293        312        1519       0.000000        0.000000        0               0.000000                  0               0               0.00000000000000000000              0               0               0               0              
217        0          _IO_file_xsputn@@GLIBC_2.2.5                        * 5          1441            0               2221            122        128        496        128        166        976        0.000000        0.000000        0               0.000000                  0               0               0.00000000000000000000              0               0               0               0              
145        1          _IO_default_xsputn                                  * 1          762             0               1299            44         8          176        392        8          512        0.000000        0.000000        0               0.000000                  0               0               0.00000000000000000000              0               0               0               0              
218        1          _IO_file_overflow@@GLIBC_2.2.5                      * 15         510             0               960             28         128        136        368        128        472        0.000000        0.000000        0               0.000000                  0               0               0.00000000000000000000              0               0               0               0              
224        0          photonStartTiming                                   * 5          1839            0               3308            900        1008       504        1068       1161       640        0.000000        0.000000        0               0.000000                  0               0               0.00000000000000000000              0               0               0               0              
155        3          malloc                                              * 5          1784            0               3243            860        968        504        1028       1121       640        0.000000        0.000000        0               0.000000                  0               0               0.00000000000000000000              0               0               0               0              
161        2          _int_malloc                                         * 5          1594            0               2938            800        948        364        968        1101       500        0.000000        0.000000        0               0.000000                  0               0               0.00000000000000000000              0               0               0               0              
279        0          photonPrintTiming                                   * 1          1694            0               2781            190        132        447        219        192        1051       0.000000        0.000000        0               0.000000                  0               0               0.00000000000000000000              0               0               0               0              
216        1          printf                                              * 1          1686            0               2772            174        132        447        203        192        1051       0.000000        0.000000        0               0.000000                  0               0               0.00000000000000000000              0               0               0               0              
143        3          vfprintf                                            * 1          1661            0               2751            206        92         447        255        132        1051       0.000000        0.000000        0               0.000000                  0               0               0.00000000000000000000              0               0               0               0              
217        2          _IO_file_xsputn@@GLIBC_2.2.5                        * 5          746             0               1202            123        40         192        155        40         352        0.000000        0.000000        0               0.000000                  0               0               0.00000000000000000000              0               0               0               0              
148        16         free                                                * 15         1275            0               1860            584        189        444        856        197        1124       0.000000        0.000000        0               0.000000                  0               0               0.00000000000000000000              0               0               0               0              
213        14         _int_free                                           * 15         930             0               1410            464        189        348        736        197        884        0.000000        0.000000        0               0.000000                  0               0               0.00000000000000000000              0               0               0               0              
231        4          iFreeHandle                                         * 9          1087            0               1665            802        441        396        1055       568        692        0.000000        0.000000        0               0.000000                  0               0               0.00000000000000000000              0               0               0               0              
148        15         free                                                * 9          1051            0               1638            762        441        396        983        568        692        0.000000        0.000000        0               0.000000                  0               0               0.00000000000000000000              0               0               0               0              
213        13         _int_free                                           * 9          844             0               1368            690        441        316        911        568        548        0.000000        0.000000        0               0.000000                  0               0               0.00000000000000000000              0               0               0               0              
247        0          photonReportTiming                                  * 5          782             0               1189            488        232        472        560        300        480        0.000000        0.000000        0               0.000000                  0               0               0.00000000000000000000              0               0               0               0              
155        25         malloc                                              * 5          657             0               1064            368        192        392        440        260        400        0.000000        0.000000        0               0.000000                  0               0               0.00000000000000000000              0               0               0               0              


Trimming tree.....
Node under main has inclusive communication costs as zero! Node: _fxstat                                            
Node under main has inclusive communication costs as zero! Node: _fxstat                                            
Func num   Func Inst  Function name                                        Numcalls   Instrs          Flops           Iops            Ipcomm_uq  Opcomm_uq  Local_uq   Ipcomm     Opcomm     Local      Comp_Comm_uniq  Comp_Comm       Est. Cyc        Est. Area                 Est. Dlmr time  Est. Dlmw time  Der. metr                           ip_offload      op_offload       data-ru-ipcomm   data-ru-local

Uppertree Software Time (Cycles): 971608.000000       
Bottom nodes Software Time (Cycles): 4492912.000000      

241        0          fillFeatures                                        * 1          474311          36462           1594948         165        1332       1392       185        1757       281836     1089.78623914   840.066941298   485401          -2907499.547000           0               0               1.00048211482809379369              25              208             0               0              
176        0          fread                                               * 15440      1668670         0               2410210         1428       735        1300       605506     27134      1729300    1114.29033749   3.80976542742   1681760         -4433292.549000           5100            0               1.00324398811721460234              5323            114             0               0              
243        0          getANMS                                             * 1          101867          3616            252884          7045       1349       17574      9827       2328       39768      30.5575411008   21.1024269848   117147          467427.136000             0               300             1.01394864238082793584              1100            510             0               0              
232        0          imageResize                                         * 5          223633          30810           431943          16019      13967      3371       34789      29068      61708      15.4323017408   7.24670748704   233543          267984.949000             500             0               1.02270697587091308201              3002            2182            0               0              
237        0          calcSobel_dY                                        * 9          497650          63408           1037537         24208      17944      11740      63567      44528      163888     26.118452268    10.1849761784   518440          -414967.016000            0               6400            1.02569226165598736955              3782            9203            0               0              
248        0          calcPyrLKTrack                                      * 4          77518           2488            138303          9007       1346       5742       24300      1692       29020      13.5990534145   5.41670514004   89648           417352.135000             700             0               1.02653895714225895652              2107            210             0               0              
225        0          imageBlur                                           * 5          544781          78400           1128447         13172      22275      2870       93993      50909      148596     34.0465201569   8.32871181902   573301          -1065067.251000           100             12800           1.03323092994282306201              2158            16280           0               0              
196        0          fseek                                               * 5          935             0               1365            581        403        448        815        184876     448        1.38719512195   0.00735092169249 3745            278789.964000             0               0               1.04281239122868085722              90              62              0               0              
236        0          calcSobel_dX                                        * 9          392950          0               845480          23359      33802      6804       64998      74122      150924     14.7912037928   6.07734330075   419670          375687.905000             100             11300           1.05091270057090491186              3749            16581           0               0              
242        0          fTranspose                                          * 1          4646            0               13397           1349       244        164        1773       289        192        8.40991839297   6.49709020369   5126            264156.629000             0               0               1.05103577309745177537              210             38              0               0              
240        0          fReshape                                            * 1          11921           0               38986           77         4284       196        101        4402       216        8.93969273102   8.65778369976   13761           292666.009000             0               0               1.05209689712266474260              12              669             0               0              
224        0          photonStartTiming                                   * 5          1839            0               3308            900        1008       504        1068       1161       640        1.73375262055   1.48407357559   4109            302654.284000             0               0               1.07823006527372333707              140             157             0               0              
268        0          str_to_mpn                                          * 8          722             0               1309            185        160        424        290        160        504        3.79420289855   2.90888888889   1792            260153.193000             100             0               1.09395448215341772880              128             25              0               0              
247        0          photonReportTiming                                  * 5          782             0               1189            488        232        472        560        300        480        1.65138888889   1.38255813953   1012            272351.964000             0               0               1.12506948304613674239              76              36              0               0              
239        0          calcAreaSum                                         * 3          151418          3               424671          4399       12516      2272       4747       20783      49820      25.1063553059   16.6343125734   179218          -57303.721000             0               19300           1.13951972271504486933              687             21255           0               0              
159        0          _dl_addr                                            * 1          51274           0               117129          57         44         56         57         44         64         1159.69306931   1159.69306931   158244          13524.069000              77700           0               1.96507513088385543654              77708           6               0               0              
