Function name                                        Numcalls   Instrs          Flops           Iops            Ipcomm_uq  Opcomm_uq  Local_uq   Ipcomm     Opcomm     Local      Comp_Comm_uniq  Comp_Comm       Est. Cyc        Est. Area                 Est. Dlmr time  Est. Dlmw time 

134        0          main                                                * 1          48406112        2642161         113825981       735        518        486730     1208       1893688    27557507   0.000000        0.000000        0               0.000000                  0               0               0.00000000000000000000              0               0               0               0              
242        0          fillFeatures                                        * 1          15867247        997392          53143089        17089      6120       6196       17437      8137       9425156    0.000000        0.000000        0               0.000000                  0               0               0.00000000000000000000              0               0               0               0              
226        5          fSetArray                                           * 1          9385            0               30646           169        4236       128        197        15349      144        0.000000        0.000000        0               0.000000                  0               0               0.00000000000000000000              0               0               0               0              
149        0          readImage                                           * 3          13011437        0               18730103        1446       109346     5240       12618      2365404    12399392   0.000000        0.000000        0               0.000000                  0               0               0.00000000000000000000              0               0               0               0              
176        0          fread                                               * 110640     11949810        0               17260782        879        425        812        4861611    185994     12391668   0.000000        0.000000        0               0.000000                  0               0               0.00000000000000000000              0               0               0               0              
177        0          _IO_sgetn                                           * 110640     5753970         0               7967022         713        335        508        2648885    186084     6195940    0.000000        0.000000        0               0.000000                  0               0               0.00000000000000000000              0               0               0               0              
178        0          _IO_file_xsgetn                                     * 110640     5422050         0               7745742         657        335        508        2058805    186084     6195940    0.000000        0.000000        0               0.000000                  0               0               0.00000000000000000000              0               0               0               0              
190        0          memcpy                                              * 110640     1991535         0               4536240         48         171        0          885120     185662     0          0.000000        0.000000        0               0.000000                  0               0               0.00000000000000000000              0               0               0               0              
152        0          fopen@@GLIBC_2.2.5                                  * 3          55107           0               122753          916        7962       1384       1093       1214405    1868       0.000000        0.000000        0               0.000000                  0               0               0.00000000000000000000              0               0               0               0              
153        0          __fopen_internal                                    * 3          55101           0               122753          916        7962       1384       1093       1214405    1868       0.000000        0.000000        0               0.000000                  0               0               0.00000000000000000000              0               0               0               0              
155        0          malloc                                              * 3          54132           0               121370          782        6882       766        951        13773      1244       0.000000        0.000000        0               0.000000                  0               0               0.00000000000000000000              0               0               0               0              
156        0          malloc_hook_ini                                     * 1          52899           0               119336          93         6352       297        101        12989      383        0.000000        0.000000        0               0.000000                  0               0               0.00000000000000000000              0               0               0               0              
157        0          ptmalloc_init                                       * 1          51727           0               117898          61         52         132        61         52         140        0.000000        0.000000        0               0.000000                  0               0               0.00000000000000000000              0               0               0               0              
159        0          _dl_addr                                            * 1          51274           0               117129          57         44         56         57         44         64         0.000000        0.000000        0               0.000000                  0               0               0.00000000000000000000              0               0               0               0              
225        0          imageBlur                                           * 3          4566119         684480          9348215         106022     96455      86422      512933     190414     1535076    0.000000        0.000000        0               0.000000                  0               0               0.00000000000000000000              0               0               0               0              
226        0          fSetArray                                           * 6          449306          0               1486940         611        24055      528        1228       94159      1364       0.000000        0.000000        0               0.000000                  0               0               0.00000000000000000000              0               0               0               0              
238        0          calcSobel_dY                                        * 5          3674023         494832          7624490         88113      155759     69972      257197     800490     1151856    0.000000        0.000000        0               0.000000                  0               0               0.00000000000000000000              0               0               0               0              
226        3          fSetArray                                           * 10         526244          0               1738002         1150       228713     1512       1823       846365     3192       0.000000        0.000000        0               0.000000                  0               0               0.00000000000000000000              0               0               0               0              
239        0          calcGoodFeature                                     * 1          2458827         98307           6554104         50863      38654      86397      166962     42600      1077470    0.000000        0.000000        0               0.000000                  0               0               0.00000000000000000000              0               0               0               0              
240        0          calcAreaSum                                         * 3          1739121         3               4970494         49219      79913      69756      70496      256601     738476     0.000000        0.000000        0               0.000000                  0               0               0.00000000000000000000              0               0               0               0              
226        4          fSetArray                                           * 6          6256            0               17700           659        3276       588        923        38194      1092       0.000000        0.000000        0               0.000000                  0               0               0.00000000000000000000              0               0               0               0              
249        0          calcPyrLKTrack                                      * 2          3242014         88720           6172752         130091     828        33622      1213878    1148       176664     0.000000        0.000000        0               0.000000                  0               0               0.00000000000000000000              0               0               0               0              
251        0          getInterpolatePatch                                 * 294        2687006         86424           5577069         129505     306068     21502      1195727    636181     120584     0.000000        0.000000        0               0.000000                  0               0               0.00000000000000000000              0               0               0               0              
226        8          fSetArray                                           * 294        563899          0               1705853         13751      172385     13056      27883      455616     80961      0.000000        0.000000        0               0.000000                  0               0               0.00000000000000000000              0               0               0               0              
227        18         fMallocHandle                                       * 294        104965          0               189695          11411      12281      11848      27871      20412      75085      0.000000        0.000000        0               0.000000                  0               0               0.00000000000000000000              0               0               0               0              
155        30         malloc                                              * 294        99967           0               182639          11683      10517      11816      25807      18532      70397      0.000000        0.000000        0               0.000000                  0               0               0.00000000000000000000              0               0               0               0              
161        30         _int_malloc                                         * 294        88795           0               164705          11131      10013      11264      22911      18028      61517      0.000000        0.000000        0               0.000000                  0               0               0.00000000000000000000              0               0               0               0              
254        0          floorf                                              * 588        12576           576             33360           2372       0          1176       4708       0          3500       0.000000        0.000000        0               0.000000                  0               0               0.00000000000000000000              0               0               0               0              
228        8          fFreeHandle                                         * 296        42850           0               68448           12694      8689       11176      33034      13097      35832      0.000000        0.000000        0               0.000000                  0               0               0.00000000000000000000              0               0               0               0              
148        17         free                                                * 296        41666           0               67560           12678      8689       11176      30666      13097      35832      0.000000        0.000000        0               0.000000                  0               0               0.00000000000000000000              0               0               0               0              
213        15         _int_free                                           * 296        34858           0               58680           9766       9137       9160       28746      13545      31096      0.000000        0.000000        0               0.000000                  0               0               0.00000000000000000000              0               0               0               0              
237        0          calcSobel_dX                                        * 5          2850649         0               6103402         109672     146703     48840      359839     898144     1139788    0.000000        0.000000        0               0.000000                  0               0               0.00000000000000000000              0               0               0               0              
226        2          fSetArray                                           * 10         526672          0               1738693         1370       195547     1440       2188       753156     2984       0.000000        0.000000        0               0.000000                  0               0               0.00000000000000000000              0               0               0               0              
233        0          imageResize                                         * 3          1769882         259446          3382002         109016     36437      23083      293384     147426     374440     0.000000        0.000000        0               0.000000                  0               0               0.00000000000000000000              0               0               0               0              
226        1          fSetArray                                           * 6          171730          0               563164          628        73473      676        930        194236     1328       0.000000        0.000000        0               0.000000                  0               0               0.00000000000000000000              0               0               0               0              
244        0          getANMS                                             * 1          441911          18872           1169147         25336      1821       62530      31999      14105      147341     0.000000        0.000000        0               0.000000                  0               0               0.00000000000000000000              0               0               0               0              
245        0          fDeepCopy                                           * 48         180365          0               486702          50054      23825      5201       74347      48038      11501      0.000000        0.000000        0               0.000000                  0               0               0.00000000000000000000              0               0               0               0              
227        13         fMallocHandle                                       * 48         16437           0               29421           4934       4942       4545       6619       27880      10161      0.000000        0.000000        0               0.000000                  0               0               0.00000000000000000000              0               0               0               0              
155        21         malloc                                              * 48         15621           0               28269           4698       4474       4049       6247       5604       9393       0.000000        0.000000        0               0.000000                  0               0               0.00000000000000000000              0               0               0               0              
161        20         _int_malloc                                         * 48         13797           0               25341           4326       4350       3181       5739       5480       7981       0.000000        0.000000        0               0.000000                  0               0               0.00000000000000000000              0               0               0               0              
246        0          ffVertcat                                           * 15         10835           0               27039           3488       3189       2248       4580       35041      2772       0.000000        0.000000        0               0.000000                  0               0               0.00000000000000000000              0               0               0               0              
228        7          fFreeHandle                                         * 97         12735           0               19929           6373       3755       6041       10327      5942       9911       0.000000        0.000000        0               0.000000                  0               0               0.00000000000000000000              0               0               0               0              
148        13         free                                                * 97         12347           0               19638           6237       3755       6041       9551       5942       9911       0.000000        0.000000        0               0.000000                  0               0               0.00000000000000000000              0               0               0               0              
213        11         _int_free                                           * 97         10116           0               16728           5749       4043       5033       9063       6230       8359       0.000000        0.000000        0               0.000000                  0               0               0.00000000000000000000              0               0               0               0              
226        6          fSetArray                                           * 2          8144            0               19543           205        280        204        289        2564       408        0.000000        0.000000        0               0.000000                  0               0               0.00000000000000000000              0               0               0               0              
227        11         fMallocHandle                                       * 33         9346            0               14998           2494       2948       3220       3809       25578      6260       0.000000        0.000000        0               0.000000                  0               0               0.00000000000000000000              0               0               0               0              
155        19         malloc                                              * 33         8785            0               14206           2358       2544       2948       3545       5482       5732       0.000000        0.000000        0               0.000000                  0               0               0.00000000000000000000              0               0               0               0              
161        18         _int_malloc                                         * 33         7531            0               12193           2154       2476       2472       3213       5414       4744       0.000000        0.000000        0               0.000000                  0               0               0.00000000000000000000              0               0               0               0              
245        1          fDeepCopy                                           * 8          283978          0               936781          62237      85551      45060      69760      260367     58208      0.000000        0.000000        0               0.000000                  0               0               0.00000000000000000000              0               0               0               0              
241        0          fReshape                                            * 1          136651          0               456946          21413      51095      188        21949      124582     208        0.000000        0.000000        0               0.000000                  0               0               0.00000000000000000000              0               0               0               0              
255        0          fSelfCheck                                          * 1          58506           112             103046          1242       245        11024      1545       307        55508      0.000000        0.000000        0               0.000000                  0               0               0.00000000000000000000              0               0               0               0              
261        0          fscanf                                              * 29         50192           0               89030           1289       673        8601       2288       812        50904      0.000000        0.000000        0               0.000000                  0               0               0.00000000000000000000              0               0               0               0              
262        0          vfscanf                                             * 29         49583           0               88450           1097       649        8601       3204       788        50904      0.000000        0.000000        0               0.000000                  0               0               0.00000000000000000000              0               0               0               0              
263        0          _IO_vfscanf                                         * 29         49525           0               88450           1097       649        8601       3204       788        50904      0.000000        0.000000        0               0.000000                  0               0               0.00000000000000000000              0               0               0               0              
267        0          __strtof_internal                                   * 28         28460           0               45820           770        20         7296       1128       444        23620      0.000000        0.000000        0               0.000000                  0               0               0.00000000000000000000              0               0               0               0              
268        0          ____strtof_l_internal                               * 28         28376           0               45792           770        20         7296       1128       444        23620      0.000000        0.000000        0               0.000000                  0               0               0.00000000000000000000              0               0               0               0              
243        0          fTranspose                                          * 1          21342           0               63066           6105       140        180        8129       144        200        0.000000        0.000000        0               0.000000                  0               0               0.00000000000000000000              0               0               0               0              


Trimming tree.....
Node under main has inclusive communication costs as zero! Node: _fxstat                                            
Node under main has inclusive communication costs as zero! Node: _fxstat                                            
Func num   Func Inst  Function name                                        Numcalls   Instrs          Flops           Iops            Ipcomm_uq  Opcomm_uq  Local_uq   Ipcomm     Opcomm     Local      Comp_Comm_uniq  Comp_Comm       Est. Cyc        Est. Area                 Est. Dlmr time  Est. Dlmw time  Der. metr                           ip_offload      op_offload       data-ru-ipcomm   data-ru-local

Uppertree Software Time (Cycles): 8474388.000000      
Bottom nodes Software Time (Cycles): 48906594.000000     

242        0          fillFeatures                                        * 1          15867247        997392          53143089        17089      6120       6196       17437      8137       9425156    2332.73648154   2117.01263001   15924977        -106125667.195000         0               0               1.00022777001414842069              2670            956             0               0              
176        0          fread                                               * 110640     11949810        0               17260782        879        425        812        4861611    185994     12391668   13236.7960123   3.4195984036    12030450        -33875514.228000          57900           0               1.00485316318010764469              58037           66              0               0              
249        0          calcPyrLKTrack                                      * 2          3242014         88720           6172752         130091     828        33622      1213878    1148       176664     47.8270686455   5.15336461936   3386654         -7503988.703000           700             0               1.00628617052790647612              21026           129             0               0              
244        0          getANMS                                             * 1          441911          18872           1169147         25336      1821       62530      31999      14105      147341     43.7463269139   25.7682413673   476381          424801.679000             0               100             1.00920113176866754756              3958            384             0               0              
233        0          imageResize                                         * 3          1769882         259446          3382002         109016     36437      23083      293384     147426     374440     25.0352209992   8.26081078015   1851842         -2203374.568000           500             0               1.01270198026754498777              17533           5693            0               0              
267        0          __strtof_internal                                   * 28         28460           0               45820           770        20         7296       1128       444        23620      58.0            29.1475826972   40710           378924.222000             500             0               1.01555228139105224727              620             3               0               0              
238        0          calcSobel_dY                                        * 5          3674023         494832          7624490         88113      155759     69972      257197     800490     1151856    33.2933752132   7.67648841292   3919883         -6960690.772000           0               76800           1.03019859773170829875              13767           101137          0               0              
225        0          imageBlur                                           * 3          4566119         684480          9348215         106022     96455      86422      512933     190414     1535076    49.5498007181   14.2642180887   4875069         -11454539.077000          100             153600          1.03951974920634948596              16665           168671          0               0              
241        0          fReshape                                            * 1          136651          0               456946          21413      51095      188        21949      124582     208        6.30200805428   3.11842545263   269401          1391871.712000            0               0               1.04390011881391453485              3345            7983            0               0              
243        0          fTranspose                                          * 1          21342           0               63066           6105       140        180        8129       144        200        10.0986389111   7.623111326     22872           297809.045000             0               0               1.04456391585875985051              953             21              0               0              
237        0          calcSobel_dX                                        * 5          2850649         0               6103402         109672     146703     48840      359839     898144     1139788    23.8065411994   4.85173647021   3154169         -3213171.405000           100             134500          1.05861989720983218355              17236           157422          0               0              
240        0          calcAreaSum                                         * 3          1739121         3               4970494         49219      79913      69756      70496      256601     738476     38.4915977449   15.1957890167   2780471         -3976628.084000           0               230700          1.09917673057530529412              7690            243186          0               0              
159        0          _dl_addr                                            * 1          51274           0               117129          57         44         56         57         44         64         1159.69306931   1159.69306931   158244          13524.069000              77700           0               1.96507513088385543654              77708           6               0               0              
