Function name                                        Numcalls   Instrs          Flops           Iops            Ipcomm_uq  Opcomm_uq  Local_uq   Ipcomm     Opcomm     Local      Comp_Comm_uniq  Comp_Comm       Est. Cyc        Est. Area                 Est. Dlmr time  Est. Dlmw time 

134        0          main                                                * 1          1334071623      71078703        2479928266      886        580        3454420    1663       36865288   697275535  0.000000        0.000000        0               0.000000                  0               0               0.00000000000000000000              0               0               0               0              
149        0          readImage                                           * 5          539231292       0               774345026       3199       449043     7807       25809492   57083056   516180726  0.000000        0.000000        0               0.000000                  0               0               0.00000000000000000000              0               0               0               0              
176        0          fread                                               * 4608080    497673790       0               718862050       4288       735        1300       210139622  7690494    516104980  0.000000        0.000000        0               0.000000                  0               0               0.00000000000000000000              0               0               0               0              
177        0          _IO_sgetn                                           * 4608080    239621310       0               331783330       4044       585        820        103232316  7690644    258052660  0.000000        0.000000        0               0.000000                  0               0               0.00000000000000000000              0               0               0               0              
178        0          _IO_file_xsgetn                                     * 4608080    225797070       0               322567170       3948       585        820        73740604   7690644    258052660  0.000000        0.000000        0               0.000000                  0               0               0.00000000000000000000              0               0               0               0              
190        0          memcpy                                              * 4608080    82945465        0               188931280       2831       285        0          36875487   7689914    0          0.000000        0.000000        0               0.000000                  0               0               0.00000000000000000000              0               0               0               0              
226        0          imageBlur                                           * 5          200183219       30273600        408328667       1263029    3095556    50758      33683852   38330068   34188472   0.000000        0.000000        0               0.000000                  0               0               0.00000000000000000000              0               0               0               0              
227        0          fSetArray                                           * 10         18478120        0               61525507        1537       3171777    896        2172       46804178   14208      0.000000        0.000000        0               0.000000                  0               0               0.00000000000000000000              0               0               0               0              
238        0          calcSobel_dY                                        * 9          161175847       21930672        333601695       2062514    1656236    1027572    18874185   14581933   49134792   0.000000        0.000000        0               0.000000                  0               0               0.00000000000000000000              0               0               0               0              
227        3          fSetArray                                           * 18         22186537        0               73852723        2607       2222561    3132       3909       20921637   26536      0.000000        0.000000        0               0.000000                  0               0               0.00000000000000000000              0               0               0               0              
237        0          calcSobel_dX                                        * 9          124631275       0               266015350       2820557    1718694    5912       26987245   20381984   40097736   0.000000        0.000000        0               0.000000                  0               0               0.00000000000000000000              0               0               0               0              
227        2          fSetArray                                           * 18         22186388        0               73852469        2965       2527654    2900       4241       28574473   26736      0.000000        0.000000        0               0.000000                  0               0               0.00000000000000000000              0               0               0               0              
249        0          calcPyrLKTrack                                      * 4          127041509       3146470         240922455       2539461    34095      162390     50280045   67413      705876     0.000000        0.000000        0               0.000000                  0               0               0.00000000000000000000              0               0               0               0              
251        0          getInterpolatePatch                                 * 742        101210117       3139808         211544226       2331389    11984465   127918     48059987   36047303   557928     0.000000        0.000000        0               0.000000                  0               0               0.00000000000000000000              0               0               0               0              
227        8          fSetArray                                           * 742        18489014        0               61185002        43371      6216882    31072      74159      22213026   185973     0.000000        0.000000        0               0.000000                  0               0               0.00000000000000000000              0               0               0               0              
228        18         fMallocHandle                                       * 742        235072          0               372908          37455      30922      28040      74123      56970      171145     0.000000        0.000000        0               0.000000                  0               0               0.00000000000000000000              0               0               0               0              
155        30         malloc                                              * 742        222458          0               355100          38627      27486      27976      69391      53294      159321     0.000000        0.000000        0               0.000000                  0               0               0.00000000000000000000              0               0               0               0              
161        30         _int_malloc                                         * 742        194262          0               309838          36299      25286      25680      61151      51094      137849     0.000000        0.000000        0               0.000000                  0               0               0.00000000000000000000              0               0               0               0              
239        0          calcGoodFeature                                     * 1          60760647        2457603         162730277       357070     15979      1314897    2598075    35290      25813751   0.000000        0.000000        0               0.000000                  0               0               0.00000000000000000000              0               0               0               0              
240        0          calcAreaSum                                         * 3          42918876        3               123371170       356760     1012075    1002459    1345832    6182882    17552637   0.000000        0.000000        0               0.000000                  0               0               0.00000000000000000000              0               0               0               0              
233        0          imageResize                                         * 5          76759582        11376410        146077370       1787452    1495686    134259     15071794   19104488   13064884   0.000000        0.000000        0               0.000000                  0               0               0.00000000000000000000              0               0               0               0              
227        1          fSetArray                                           * 10         6947672         0               23105532        1161       1476676    1124       1757       16163776   14376      0.000000        0.000000        0               0.000000                  0               0               0.00000000000000000000              0               0               0               0              
242        0          fillFeatures                                        * 1          26718191        1884316         89582807        246        4936       4988       1978       6577       15605283   0.000000        0.000000        0               0.000000                  0               0               0.00000000000000000000              0               0               0               0              
245        1          fDeepCopy                                           * 16         13864102        0               46155572        846048     3150228    695123     2479825    36923004   2355198    0.000000        0.000000        0               0.000000                  0               0               0.00000000000000000000              0               0               0               0              
241        0          fReshape                                            * 1          3385675         0               11376320        245        64441      220        3145       283798     424        0.000000        0.000000        0               0.000000                  0               0               0.00000000000000000000              0               0               0               0              
244        0          getANMS                                             * 1          236866          9576            629204          7677       3084       32722      9850       25825658   74928      0.000000        0.000000        0               0.000000                  0               0               0.00000000000000000000              0               0               0               0              
245        0          fDeepCopy                                           * 24         97950           0               263768          26867      14991      2725       39827      25848985   6777       0.000000        0.000000        0               0.000000                  0               0               0.00000000000000000000              0               0               0               0              


Trimming tree.....
Node under main has inclusive communication costs as zero! Node: _fxstat                                            
Node under main has inclusive communication costs as zero! Node: _fxstat                                            
Func num   Func Inst  Function name                                        Numcalls   Instrs          Flops           Iops            Ipcomm_uq  Opcomm_uq  Local_uq   Ipcomm     Opcomm     Local      Comp_Comm_uniq  Comp_Comm       Est. Cyc        Est. Area                 Est. Dlmr time  Est. Dlmw time  Der. metr                           ip_offload      op_offload       data-ru-ipcomm   data-ru-local

Uppertree Software Time (Cycles): 316864818.000000    
Bottom nodes Software Time (Cycles): 1358798329.000000   

242        0          fillFeatures                                        * 1          26718191        1884316         89582807        246        4936       4988       1978       6577       15605283   17650.9307217   10691.656692    26975691        -180576326.450000         100             7600            1.00031555717304621034              138             8371            0               0              
241        0          fReshape                                            * 1          3385675         0               11376320        245        64441      220        3145       283798     424        175.869894568   39.6466197119   6658515         -20448766.638000          100             0               1.00153530609410235108              138             10068           0               0              
249        0          calcPyrLKTrack                                      * 4          127041509       3146470         240922455       2539461    34095      162390     50280045   67413      705876     94.8372310531   4.84769111878   137926289       -405651126.458000         6200            103200          1.00372243916533032682              402990          108527          0               0              
176        0          fread                                               * 4608080    497673790       0               718862050       4288       735        1300       210139622  7690494    516104980  143114.085208   3.30010405907   501282450       -1422927063.529000        2880600         0               1.00578125739528001503              2881270         114             0               0              
226        0          imageBlur                                           * 5          200183219       30273600        408328667       1263029    3095556    50758      33683852   38330068   34188472   100.629508659   6.09052065212   209866449       -743508496.649000         200             3840200         1.02201869275517731595              197548          4323880         0               0              
233        0          imageResize                                         * 5          76759582        11376410        146077370       1787452    1495686    134259     15071794   19104488   13064884   47.9583191447   4.60710676486   81145422        -214883749.431000         500             1439500         1.02466132521610986394              279789          1673200         0               0              
238        0          calcSobel_dY                                        * 9          161175847       21930672        333601695       2062514    1656236    1027572    18874185   14581933   49134792   95.6053423866   10.6268266689   172058317       -569501339.466000         0               3839900         1.02637213224137169298              322267          4098686         0               0              
237        0          calcSobel_dX                                        * 9          124631275       0               266015350       2820557    1718694    5912       26987245   20381984   40097736   58.6033576905   5.61578382456   136967975       -397945818.849000         200             5292000         1.04582436873783546361              440912          5560545         0               0              
240        0          calcAreaSum                                         * 3          42918876        3               123371170       356760     1012075    1002459    1345832    6182882    17552637   90.1285932928   16.3867525051   66618766        -176980842.102000         0               3844800         1.06487651725991661067              55743           4002936         0               0              
244        0          getANMS                                             * 1          236866          9576            629204          7677       3084       32722      9850       25825658   74928      59.3606542143   0.024724886385  284776          205784.391000             1800            25700           1.11417067091232246945              2999            26181           0               0              
245        1          fDeepCopy                                           * 16         13864102        0               46155572        846048     3150228    695123     2479825    36923004   2355198    11.5496457202   1.17137711102   18795852        41511656.963000           2400600         475000          1.22882166174153750760              2532795         967223          0               0              
