Function name                                        Numcalls   Instrs          Flops           Iops            Ipcomm_uq  Opcomm_uq  Local_uq   Ipcomm     Opcomm     Local      Comp_Comm_uniq  Comp_Comm       Est. Cyc        Est. Area                 Est. Dlmr time  Est. Dlmw time 

134        0          main                                                * 1          8258063816      460059659       15140280421     886        588        18210114   3938       248833272  4613167299 0.000000        0.000000        0               0.000000                  0               0               0.00000000000000000000              0               0               0               0              
149        0          readImage                                           * 5          3639287945      0               5225732628      3280       2252244    9207       7330       430783521  3484514471 0.000000        0.000000        0               0.000000                  0               0               0.00000000000000000000              0               0               0               0              
176        0          fread                                               * 31104080   3359244790      0               4852242675      125258     844        2640       1111426297 68355574   3483658460 0.000000        0.000000        0               0.000000                  0               0               0.00000000000000000000              0               0               0               0              
177        0          _IO_sgetn                                           * 31104080   1617416310      0               2239499955      125014     744        2160       493257341  171801274  1741830140 0.000000        0.000000        0               0.000000                  0               0               0.00000000000000000000              0               0               0               0              
178        0          _IO_file_xsgetn                                     * 31104080   1524104070      0               2177291795      124758     744        2160       294191229  171801274  1741830140 0.000000        0.000000        0               0.000000                  0               0               0.00000000000000000000              0               0               0               0              
190        0          memcpy                                              * 31104080   559873465       0               1275267280      122855     285        0          252247792  51861914   0          0.000000        0.000000        0               0.000000                  0               0               0.00000000000000000000              0               0               0               0              
226        0          imageBlur                                           * 5          1361624655      206161600       2775836462      8015466    10783582   2934       295661286  109463003  230956876  0.000000        0.000000        0               0.000000                  0               0               0.00000000000000000000              0               0               0               0              
227        0          fSetArray                                           * 10         124516172       0               414907550       1521       11166047   880        2180       118026136  14372      0.000000        0.000000        0               0.000000                  0               0               0.00000000000000000000              0               0               0               0              
238        0          calcSobel_dY                                        * 9          1092020057      148795632       2259198767      10699270   10368812   5308180    124766423  150005996  318505320  0.000000        0.000000        0               0.000000                  0               0               0.00000000000000000000              0               0               0               0              
227        3          fSetArray                                           * 18         149442757       0               497930951       3151       15708799   3008       4556       219955520  44740      0.000000        0.000000        0               0.000000                  0               0               0.00000000000000000000              0               0               0               0              
237        0          calcSobel_dX                                        * 9          844042460       0               1800487777      10632642   4636608    445119     124388127  36162427   262084927  0.000000        0.000000        0               0.000000                  0               0               0.00000000000000000000              0               0               0               0              
227        2          fSetArray                                           * 18         149442941       0               497931160       3035       14344767   2970       4244       157165300  19221      0.000000        0.000000        0               0.000000                  0               0               0.00000000000000000000              0               0               0               0              
239        0          calcGoodFeature                                     * 1          408447461       16588803        1095842127      4223999    10340      8480955    33187937   28357      173350181  0.000000        0.000000        0               0.000000                  0               0               0.00000000000000000000              0               0               0               0              
240        0          calcAreaSum                                         * 3          288128921       3               830343661       2097890    6357376    6382589    8325728    41485359   117262669  0.000000        0.000000        0               0.000000                  0               0               0.00000000000000000000              0               0               0               0              
233        0          imageResize                                         * 5          521312292       77364410        991431843       11052263   6230592    3387       107588217  89425774   98510236   0.000000        0.000000        0               0.000000                  0               0               0.00000000000000000000              0               0               0               0              
227        1          fSetArray                                           * 10         46732453        0               155662403       1269       5153747    1100       2049       61176559   14876      0.000000        0.000000        0               0.000000                  0               0               0.00000000000000000000              0               0               0               0              
249        0          calcPyrLKTrack                                      * 4          221083916       5391000         418755110       4352424    88430      66878      86848081   187700     314356     0.000000        0.000000        0               0.000000                  0               0               0.00000000000000000000              0               0               0               0              
251        0          getInterpolatePatch                                 * 572        174880275       5385748         365624556       3899313    20664730   39422      84412047   67272673   200352     0.000000        0.000000        0               0.000000                  0               0               0.00000000000000000000              0               0               0               0              
227        8          fSetArray                                           * 572        31817968        0               105715528       32847      10664453   23996      66959      34667533   145145     0.000000        0.000000        0               0.000000                  0               0               0.00000000000000000000              0               0               0               0              
245        1          fDeepCopy                                           * 16         93390878        0               311188831       4234589    18819524   3845067    16181250   221307801  15253046   0.000000        0.000000        0               0.000000                  0               0               0.00000000000000000000              0               0               0               0              
242        0          fillFeatures                                        * 1          53719231        5748774         184275285       214        11818      6188       4186       20501      29573487   0.000000        0.000000        0               0.000000                  0               0               0.00000000000000000000              0               0               0               0              
241        0          fReshape                                            * 1          22827714        0               76751218        242        681        236        8235       1331       464        0.000000        0.000000        0               0.000000                  0               0               0.00000000000000000000              0               0               0               0              


Trimming tree.....
Node under main has inclusive communication costs as zero! Node: _fxstat                                            
Node under main has inclusive communication costs as zero! Node: _fxstat                                            
Func num   Func Inst  Function name                                        Numcalls   Instrs          Flops           Iops            Ipcomm_uq  Opcomm_uq  Local_uq   Ipcomm     Opcomm     Local      Comp_Comm_uniq  Comp_Comm       Est. Cyc        Est. Area                 Est. Dlmr time  Est. Dlmw time  Der. metr                           ip_offload      op_offload       data-ru-ipcomm   data-ru-local

Uppertree Software Time (Cycles): 1840947743.000000   
Bottom nodes Software Time (Cycles): 9698307835.000000   

176        0          fread                                               * 31104080   3359244790      0               4852242675      125258     844        2640       1111426297 68355574   3483658460 38478.7130656   4.11283034116   3372310380      -9603559058.966000        8193000         0               1.00244127972107266444              8212571         131             0               0              
249        0          calcPyrLKTrack                                      * 4          221083916       5391000         418755110       4352424    88430      66878      86848081   187700     314356     95.5100325298   4.87323839835   250946496       -712103160.036000         6016600         1618400         1.03432926138185621312              6696666         1632217         0               0              
242        0          fillFeatures                                        * 1          53719231        5748774         184275285       214        11818      6188       4186       20501      29573487   15793.2229887   7697.33296877   58509251        -375491429.880000         3527700         10000           1.06439150781892077902              3527733         11846           0               0              
240        0          calcAreaSum                                         * 3          288128921       3               830343661       2097890    6357376    6382589    8325728    41485359   117262669  98.2043218983   16.6698563314   513367581       -1224269428.885000        52786000        38926900        1.22133383420619678894              53113795        39920240        0               0              
233        0          imageResize                                         * 5          521312292       77364410        991431843       11052263   6230592    3387       107588217  89425774   98510236   61.8414175783   5.42497640688   663763502       -1627172515.906000        64664000        58220300        1.23335136274986423288              66390916        59193830        0               0              
226        0          imageBlur                                           * 5          1361624655      206161600       2775836462      8015466    10783582   2934       295661286  109463003  230956876  158.624950689   7.36069927913   1779138735      -5372451517.746000        129380400       223135200       1.24967092830956993943              130632816       224820134       0               0              
238        0          calcSobel_dY                                        * 9          1092020057      148795632       2259198767      10699270   10368812   5308180    124766423  150005996  318505320  114.295852798   8.76359573411   1470929657      -4021746349.446000        129549600       202235500       1.29500039653222609459              131221360       203855626       0               0              
237        0          calcSobel_dX                                        * 9          844042460       0               1800487777      10632642   4636608    445119     124388127  36162427   262084927  117.915927567   11.2144600697   1283222590      -3120369586.247000        142422200       249629900       1.44379469377119873386              144083550       250354370       0               0              
241        0          fReshape                                            * 1          22827714        0               76751218        242        681        236        8235       1331       464        83154.0823402   8023.33451808   69741914        -151693638.597000         11899000        12960000        1.55386831828580751491              11899037        12960106        0               0              
245        1          fDeepCopy                                           * 16         93390878        0               311188831       4234589    18819524   3845067    16181250   221307801  15253046   13.4981914507   1.31032916966   236151632       144715227.480000          64813000        64816700        2.29452252976262904838              65474654        67757250        0               0              
